predicted,real
-1.0282920598983765,3.0
7.659867286682129,14.999999999999998
4.597946643829346,2.0
4.310446739196777,12.0
3.4440600872039795,4.0
4.082082748413086,3.0
2.685058832168579,1.0
2.5038914680480957,2.0
5.1418843269348145,3.0
5.878638744354248,2.0
2.1600210666656494,4.0
1.712792992591858,1.0
2.230940580368042,2.0
1.568411946296692,1.0
1.568411946296692,3.0
4.186173915863037,3.0
4.082082748413086,4.0
3.802518606185913,1.0
3.5796756744384766,4.0
1.9975500106811523,2.0
1.712792992591858,10.0
6.293920516967773,2.0
0.6904662251472473,2.0
5.306385040283203,3.0
6.443566799163818,2.0
3.6483325958251953,1.0
5.7356767654418945,2.0
3.477017402648926,2.0
2.662527561187744,3.0
3.477017402648926,1.0
1.712792992591858,19.0
6.443566799163818,17.0
4.310446739196777,77.0
3.5796756744384766,1.0
2.662527561187744,4.0
5.814967155456543,1.0
1.4470597505569458,1.0
5.977599143981934,2.0
4.310446739196777,14.0
6.740431785583496,8.0
6.661194801330566,71.0
1.4470597505569458,2.0
5.306385040283203,1.0
-1.6748697757720947,4.0
4.647510528564453,1.0
5.1418843269348145,1.0
4.597946643829346,3.0
6.542448043823242,44.0
4.310446739196777,5.0
4.082082748413086,1.0
1.4226675033569336,1.0
4.082082748413086,2.0
5.306385040283203,1.0
6.329205513000488,8.0
1.568411946296692,1.0
5.878638744354248,1.0
4.102942943572998,3.0
6.542448043823242,4.0
6.740431785583496,6.0
4.392928600311279,4.0
6.661194801330566,23.0
3.5842702388763428,2.0
3.5199971199035645,1.0
4.597946643829346,5.0
6.542448043823242,14.0
1.4470597505569458,2.0
6.5028886795043945,5.0
6.641396999359131,4.0
6.443566799163818,4.0
6.661194801330566,16.0
3.477017402648926,1.0
5.161944389343262,4.0
2.685058832168579,3.0
3.114811420440674,1.0
4.186173915863037,1.0
6.036940574645996,3.0
4.310446739196777,2.0
3.477017402648926,1.0
4.310446739196777,11.0
6.83958101272583,7.0
1.4470597505569458,6.0
6.621599197387695,4.0
7.137941360473633,1.0
5.126118183135986,1.0
1.712792992591858,2.0
0.6778857707977295,1.0
6.443566799163818,3.0
4.186173915863037,1.0
-0.8685293793678284,2.0
2.685058832168579,1.0
5.401921272277832,6.0
5.878638744354248,1.0
-0.42983710765838623,4.0
4.392928600311279,3.0
6.135800838470459,1.0
5.161944389343262,7.0
4.310446739196777,10.0
6.443566799163818,8.0
1.568411946296692,4.0
2.662527561187744,1.0
4.082082748413086,6.0
2.685058832168579,1.0
4.082082748413086,2.0
-0.3216618001461029,2.0
2.9113242626190186,2.0
1.4226675033569336,6.0
1.712792992591858,2.0
7.3221116065979,1.0
4.082082748413086,3.0
4.310446739196777,6.0
5.1418843269348145,1.0
1.568411946296692,1.0
5.95356559753418,1.0
6.918996810913086,2.0
5.7356767654418945,4.0
2.6448004245758057,2.0
5.508122444152832,1.0
7.177849769592285,7.0
4.158824920654297,2.0
1.712792992591858,6.0
6.661194801330566,7.0
1.4470597505569458,5.0
0.7345314025878906,2.0
4.310446739196777,7.0
4.577518463134766,3.0
5.508122444152832,4.0
3.477017402648926,1.0
6.0214080810546875,2.0
4.310446739196777,4.0
1.4470597505569458,5.0
6.0524702072143555,3.0
2.685058832168579,2.0
6.740431785583496,16.0
6.542448043823242,4.0
-0.24010521173477173,1.0
5.878638744354248,1.0
7.883152008056641,1.0
3.477017402648926,1.0
6.443566799163818,4.0
6.443566799163818,6.0
2.662527561187744,1.0
2.685058832168579,1.0
5.878638744354248,2.0
4.310446739196777,2.0
6.135800838470459,2.0
6.443566799163818,2.0
3.299440383911133,2.0
2.685058832168579,4.0
6.804163932800293,7.0
5.878638744354248,1.0
2.3922808170318604,1.0
5.161944389343262,1.0
6.09855318069458,5.0
2.685058832168579,3.0
6.443566799163818,4.0
4.392928600311279,3.0
1.4470597505569458,1.0
6.740431785583496,33.0
4.3288493156433105,1.0
5.9182329177856445,3.0
5.97335147857666,2.0
5.543644905090332,1.0
4.082082748413086,5.0
6.903398513793945,1.0
4.061205863952637,5.0
1.3545390367507935,1.0
6.507135391235352,3.0
1.712792992591858,2.0
4.310446739196777,76.0
-4.242748737335205,4.0
5.7356767654418945,1.0
4.082082748413086,3.0
1.0574990510940552,2.0
4.186173915863037,2.0
1.712792992591858,1.0
-0.21294048428535461,1.0
5.834776878356934,5.0
3.4771769046783447,2.0
1.4226675033569336,4.0
0.7855111956596375,1.0
5.161944389343262,3.0
1.4714057445526123,1.0
4.082082748413086,1.0
4.3700971603393555,5.0
4.002949237823486,1.0
5.878638744354248,12.0
3.9401745796203613,5.0
4.186173915863037,2.0
3.7546277046203613,2.0
5.1418843269348145,1.0
6.329205513000488,3.0
5.878638744354248,1.0
4.082082748413086,7.0
4.261730194091797,1.0
-0.21294048428535461,1.0
4.2690935134887695,1.0
6.443566799163818,12.0
1.4226675033569336,1.0
4.082082748413086,3.0
5.005466461181641,1.0
5.97335147857666,1.0
6.542448043823242,7.0
4.061205863952637,2.0
7.237777233123779,3.0
3.4841315746307373,1.0
6.135800838470459,1.0
2.5493717193603516,1.0
4.155938148498535,1.0
5.9182329177856445,1.0
7.09806489944458,2.0
6.4237961769104,10.0
1.712792992591858,1.0
1.712792992591858,2.0
5.977599143981934,1.0
5.9182329177856445,1.0
6.250150203704834,1.0
6.443566799163818,1.0
5.161944389343262,5.0
2.7998766899108887,1.0
2.1367344856262207,12.0
4.082082748413086,1.0
6.250150203704834,4.0
5.977599143981934,5.0
6.938867092132568,5.0
4.082082748413086,6.0
3.643756151199341,3.0
4.310446739196777,16.0
5.126118183135986,1.0
6.507135391235352,1.0
4.082082748413086,3.0
6.661194801330566,6.0
3.8405487537384033,2.0
7.0824174880981445,2.0
5.957812786102295,1.0
3.3166584968566895,3.0
5.1418843269348145,1.0
6.463338851928711,2.0
6.661194801330566,19.0
4.310446739196777,5.0
5.161944389343262,3.0
6.661194801330566,8.0
4.082082748413086,16.0
1.4470597505569458,9.0
4.870847702026367,1.0
6.443566799163818,29.999999999999996
1.4226675033569336,1.0
5.858836650848389,3.0
3.299440383911133,9.0
1.712792992591858,8.0
-1.7157180309295654,1.0
6.542448043823242,1.0
7.522939682006836,1.0
3.4579923152923584,1.0
5.878638744354248,1.0
1.4470597505569458,3.0
-1.391658902168274,1.0
5.126118183135986,1.0
3.4939002990722656,3.0
3.354649066925049,1.0
6.463338851928711,6.0
6.661194801330566,13.0
5.878638744354248,1.0
6.269913196563721,1.0
4.310446739196777,5.0
1.4470597505569458,4.0
1.4470597505569458,1.0
6.661194801330566,7.0
6.036940574645996,1.0
4.310446739196777,12.0
4.618359565734863,2.0
6.645646572113037,2.0
3.407733678817749,1.0
5.920527935028076,4.0
5.1418843269348145,3.0
-4.524507522583008,1.0
-1.7157180309295654,2.0
2.730039119720459,2.0
5.7356767654418945,4.0
6.443566799163818,8.0
1.4470597505569458,3.0
3.342838764190674,3.0
6.036940574645996,1.0
1.712792992591858,2.0
1.712792992591858,4.0
6.443566799163818,6.0
1.4226722717285156,1.0
5.957812309265137,5.0
