predicted,real
9.686332702636719,1.0
7.897353649139404,5.0
8.13594913482666,14.999999999999998
9.728960990905762,3.0
8.13594913482666,1.0
9.254959106445312,1.0
-0.742175817489624,1.0
6.145115852355957,1.0
7.799548625946045,1.0
8.13594913482666,7.0
5.713150978088379,1.0
5.579193115234375,8.0
8.13594913482666,12.0
9.254959106445312,2.0
3.3870725631713867,3.0
5.161273956298828,1.0
6.682535171508789,6.0
-0.6084234714508057,1.0
7.1526031494140625,3.0
9.686332702636719,2.0
6.145115852355957,6.0
4.268736362457275,2.0
4.714250564575195,3.0
5.894648551940918,1.0
3.7037854194641113,1.0
6.9151105880737305,2.0
7.696096897125244,1.0
3.1652657985687256,1.0
5.552650451660156,1.0
3.241389036178589,3.0
5.894648551940918,2.0
8.864843368530273,3.0
6.021724700927734,1.0
8.13594913482666,2.0
6.612961292266846,1.0
6.096817493438721,1.0
6.216489315032959,7.0
5.35943078994751,3.0
4.499414920806885,1.0
7.272980690002441,1.0
7.607715129852295,1.0
2.871882200241089,1.0
7.839019298553467,5.0
9.960397720336914,5.0
2.486928701400757,9.0
9.018529891967773,4.0
6.612961292266846,11.0
4.623274326324463,2.0
3.455374002456665,1.0
8.41454792022705,3.0
5.579193115234375,2.0
6.547359943389893,5.0
-1.76162850856781,1.0
6.146027088165283,8.0
7.987613201141357,1.0
8.864843368530273,1.0
9.018529891967773,4.0
7.722817897796631,12.0
6.338690757751465,1.0
10.035682678222656,2.0
8.099471092224121,4.0
2.871882200241089,2.0
9.728960990905762,1.0
3.3138234615325928,1.0
4.5951361656188965,2.0
3.241389036178589,7.0
9.960397720336914,2.0
3.241389036178589,1.0
7.839019298553467,4.0
6.453360557556152,6.0
8.13594913482666,3.0
3.241389036178589,1.0
2.871882200241089,2.0
3.241389036178589,1.0
3.241389036178589,1.0
3.939911365509033,2.0
8.28507137298584,1.0
7.799548625946045,1.0
7.987613201141357,1.0
7.028051853179932,3.0
1.2779065370559692,1.0
9.018529891967773,2.0
7.722817897796631,32.0
9.686332702636719,3.0
3.3870725631713867,1.0
7.760892391204834,1.0
7.722817897796631,6.0
8.21090030670166,1.0
9.498311042785645,1.0
9.728960990905762,1.0
8.099471092224121,1.0
9.686332702636719,2.0
8.8267822265625,4.0
5.579193115234375,9.0
6.338690757751465,1.0
6.547359943389893,3.0
5.579193115234375,14.0
9.752459526062012,4.0
7.372741222381592,7.0
7.949483394622803,3.0
7.839019298553467,1.0
3.241389036178589,1.0
6.3745832443237305,1.0
8.21090030670166,1.0
5.742286682128906,1.0
3.241389036178589,1.0
7.87672233581543,4.0
6.145115852355957,2.0
9.728960990905762,2.0
8.13594913482666,1.0
7.569025039672852,16.0
5.579193115234375,4.0
8.22909927368164,3.0
0.23941345512866974,3.0
8.13594913482666,29.999999999999996
2.4488534927368164,2.0
8.13594913482666,6.0
8.099471092224121,1.0
7.7988362312316895,4.0
4.833456993103027,1.0
7.317282199859619,4.0
7.722817897796631,46.0
5.579193115234375,2.0
7.949483394622803,6.0
8.28507137298584,1.0
5.763431072235107,2.0
8.07554817199707,1.0
7.028051853179932,1.0
-4.526969909667969,2.0
5.579193115234375,2.0
4.007277965545654,1.0
8.28507137298584,2.0
7.0048112869262695,3.0
8.526113510131836,3.0
3.939911365509033,1.0
7.23428201675415,9.0
8.13594913482666,3.0
7.6273579597473145,4.0
4.499414920806885,1.0
9.686332702636719,3.0
8.28507137298584,1.0
8.13594913482666,2.0
4.714250564575195,2.0
6.145115852355957,3.0
8.099471092224121,2.0
8.098771095275879,2.0
7.949483394622803,17.0
8.13594913482666,13.0
3.5293989181518555,2.0
8.28507137298584,1.0
3.8006460666656494,14.0
8.28507137298584,2.0
4.86945104598999,1.0
4.775427341461182,3.0
8.173089981079102,10.0
7.874366760253906,5.0
2.4125924110412598,14.999999999999998
3.241389036178589,3.0
4.714250564575195,2.0
-3.0900096893310547,1.0
5.579193115234375,10.0
5.579193115234375,9.0
6.145115852355957,11.0
7.17094087600708,3.0
4.775427341461182,3.0
7.839019298553467,1.0
-3.4197824001312256,1.0
2.871882200241089,3.0
8.13594913482666,5.0
6.145115852355957,5.0
8.13594913482666,12.0
0.45999911427497864,1.0
5.04500150680542,1.0
5.632932662963867,1.0
5.579193115234375,1.0
8.864843368530273,1.0
5.579193115234375,77.0
8.56340503692627,2.0
2.4125924110412598,2.0
1.316949725151062,1.0
9.728960990905762,1.0
6.833944797515869,2.0
7.949483394622803,12.0
0.45999911427497864,4.0
-0.742175817489624,1.0
8.13594913482666,1.0
9.728960990905762,1.0
9.254959106445312,1.0
8.13594913482666,5.0
8.13594913482666,1.0
2.4125924110412598,10.0
8.13594913482666,2.0
3.3138234615325928,1.0
6.145115852355957,3.0
5.894648551940918,1.0
7.569025039672852,8.0
3.9279119968414307,5.0
-3.4722023010253906,2.0
3.241389036178589,16.0
8.13594913482666,4.0
5.894648551940918,1.0
3.241389036178589,1.0
8.970024108886719,43.0
7.332858085632324,1.0
5.579193115234375,3.0
5.894648551940918,26.0
6.338690757751465,1.0
-0.29608261585235596,2.0
4.775427341461182,2.0
8.763578414916992,2.0
2.944915533065796,1.0
8.970024108886719,8.0
9.686332702636719,5.0
8.13594913482666,9.0
5.247700214385986,2.0
5.894648551940918,21.0
7.028051853179932,1.0
2.4125924110412598,5.0
-4.239874362945557,1.0
7.722817897796631,16.0
8.13594913482666,4.0
8.28507137298584,2.0
8.13594913482666,5.0
7.722817897796631,16.0
10.049768447875977,1.0
7.855881690979004,9.0
7.761608123779297,2.0
7.722817897796631,7.0
7.646962642669678,7.0
-0.742175817489624,1.0
4.926711082458496,1.0
8.28507137298584,1.0
6.243185043334961,1.0
7.722817897796631,31.000000000000004
7.722817897796631,2.0
5.579193115234375,17.0
9.94649887084961,2.0
5.894648551940918,12.0
9.927371978759766,1.0
6.145115852355957,13.0
7.722817897796631,2.0
6.145115852355957,14.0
3.241389036178589,2.0
-2.142076253890991,2.0
6.145115852355957,1.0
8.56340503692627,2.0
8.136651039123535,6.0
6.243185043334961,3.0
3.5293989181518555,1.0
6.522933483123779,3.0
8.864843368530273,1.0
5.687204360961914,1.0
7.70408821105957,1.0
6.145115852355957,2.0
5.894648551940918,2.0
2.4125924110412598,10.0
2.4125924110412598,2.0
6.338690757751465,1.0
8.13594913482666,3.0
8.638193130493164,1.0
3.0225672721862793,2.0
6.145115852355957,10.0
4.499414920806885,1.0
2.4125924110412598,1.0
5.686196327209473,1.0
5.579193115234375,13.0
8.28507137298584,2.0
8.13594913482666,11.0
9.686332702636719,11.0
9.686332702636719,4.0
7.760892391204834,11.0
5.894648551940918,1.0
6.145115852355957,8.0
8.13594913482666,3.0
6.095887660980225,9.0
5.579193115234375,14.0
7.839019298553467,2.0
8.13594913482666,24.0
3.3138234615325928,2.0
6.85787296295166,6.0
5.579193115234375,40.0
8.07554817199707,1.0
5.470274925231934,1.0
8.136651039123535,1.0
2.4125940799713135,8.0
3.3870725631713867,1.0
4.7115631103515625,2.0
