predicted,real
6.3607072830200195,10.0
6.3607072830200195,1.0
7.640412330627441,12.0
5.038029193878174,2.0
1.6003729104995728,1.0
6.3607072830200195,2.0
4.4701056480407715,5.0
5.0798492431640625,3.0
4.4701056480407715,7.0
3.976259469985962,7.0
2.3656628131866455,1.0
5.985142707824707,2.0
6.3607072830200195,8.0
9.484079360961914,1.0
7.556920528411865,3.0
4.712268352508545,1.0
1.9108736515045166,1.0
4.15205717086792,1.0
7.306423664093018,16.0
2.885451316833496,1.0
5.943352222442627,1.0
7.156107425689697,8.0
3.4547226428985596,1.0
5.148353576660156,1.0
7.548571586608887,7.0
5.0798492431640625,6.0
7.339825630187988,2.0
6.235365867614746,5.0
3.187131643295288,1.0
4.478470325469971,2.0
6.3607072830200195,10.0
5.592262268066406,1.0
6.3607072830200195,1.0
7.640412330627441,1.0
7.548571586608887,16.0
7.114351272583008,2.0
7.548571586608887,71.0
3.187131643295288,2.0
7.51517391204834,6.0
6.235365867614746,3.0
2.885451316833496,1.0
5.08821439743042,2.0
2.626086473464966,1.0
6.3607072830200195,5.0
3.9004099369049072,1.0
6.3607072830200195,2.0
6.369063377380371,1.0
1.4912467002868652,1.0
6.318928241729736,1.0
7.632063388824463,3.0
4.8126654624938965,1.0
9.28424072265625,2.0
4.135317325592041,2.0
2.885451316833496,1.0
2.851926803588867,1.0
6.3607072830200195,11.0
6.085435390472412,1.0
4.4701056480407715,2.0
4.4701056480407715,1.0
5.0798492431640625,2.0
7.346961498260498,6.0
2.885451316833496,3.0
5.868126392364502,3.0
4.1688008308410645,5.0
4.804302215576172,14.999999999999998
7.640412330627441,1.0
4.678802967071533,4.0
7.615365028381348,3.0
6.3607072830200195,5.0
3.4295926094055176,1.0
2.626086473464966,1.0
7.640412330627441,5.0
10.253751754760742,3.0
5.508162975311279,3.0
7.640412330627441,4.0
2.8435463905334473,1.0
4.7708353996276855,6.0
7.640412330627441,5.0
5.0798492431640625,1.0
5.038029193878174,1.0
4.1688008308410645,1.0
6.077077865600586,1.0
5.148353576660156,2.0
4.7708353996276855,1.0
7.556920528411865,5.0
7.640412330627441,2.0
6.3607072830200195,2.0
2.868690013885498,3.0
4.9878435134887695,5.0
7.640412330627441,14.999999999999998
6.268792152404785,14.999999999999998
2.776487350463867,1.0
4.436139106750488,1.0
4.0264892578125,7.0
5.0798492431640625,2.0
4.9878435134887695,2.0
7.548571586608887,32.0
4.9878435134887695,2.0
6.318928241729736,2.0
2.6167151927948,1.0
1.6003729104995728,2.0
7.548571586608887,24.0
7.548571586608887,2.0
6.3607072830200195,1.0
4.452874660491943,1.0
0.9286388754844666,1.0
2.7592270374298096,1.0
7.45672607421875,4.0
4.9878435134887695,19.0
7.640412330627441,4.0
11.287286758422852,5.0
5.75946044921875,3.0
6.235365867614746,3.0
7.548571586608887,29.999999999999996
2.885451316833496,1.0
6.051513671875,5.0
2.8938350677490234,1.0
5.08821439743042,3.0
6.185227394104004,2.0
7.51517391204834,6.0
2.776487350463867,1.0
5.4410400390625,4.0
7.556920528411865,1.0
3.2541604042053223,2.0
2.8938350677490234,2.0
4.7708353996276855,1.0
7.531872749328613,4.0
4.9878435134887695,8.0
7.640412330627441,10.0
4.352938175201416,3.0
7.632063388824463,10.0
7.406627178192139,9.0
7.548571586608887,3.0
6.3607072830200195,7.0
7.640412330627441,3.0
7.44002628326416,14.0
2.7592270374298096,2.0
6.3607072830200195,13.0
4.478470325469971,1.0
4.135317325592041,6.0
7.640412330627441,3.0
5.985142707824707,1.0
6.052005767822266,2.0
2.935249090194702,1.0
2.7681031227111816,1.0
5.0798492431640625,1.0
4.226902484893799,1.0
5.0798492431640625,1.0
6.268792152404785,16.0
3.187131643295288,1.0
6.3607072830200195,2.0
4.135317325592041,1.0
4.9878435134887695,4.0
6.052005767822266,3.0
6.235365867614746,1.0
7.56527042388916,4.0
6.3607072830200195,2.0
2.6004409790039062,2.0
7.640412330627441,1.0
5.985142707824707,1.0
5.457761287689209,1.0
6.15179967880249,2.0
3.187131643295288,1.0
7.531872749328613,8.0
1.0042452812194824,1.0
6.143443584442139,2.0
7.531872749328613,26.0
4.9878435134887695,4.0
5.038029193878174,2.0
4.478470325469971,2.0
4.9878435134887695,10.0
4.15205717086792,3.0
4.1688008308410645,1.0
7.640412330627441,17.0
5.038029193878174,1.0
5.909919261932373,1.0
4.135317325592041,7.0
5.783087253570557,3.0
7.556920528411865,1.0
6.3607072830200195,3.0
4.1688008308410645,3.0
3.874565601348877,1.0
2.626086473464966,1.0
4.1688008308410645,2.0
5.792895793914795,1.0
4.737370491027832,6.0
7.548571586608887,8.0
1.583582878112793,1.0
6.3607072830200195,7.0
6.268792152404785,40.0
5.08821439743042,4.0
7.548571586608887,6.0
5.734381675720215,2.0
7.632063388824463,1.0
0.9202460646629333,2.0
5.172226428985596,4.0
6.268792152404785,3.0
7.640412330627441,6.0
7.598667144775391,5.0
2.868690013885498,1.0
4.1688008308410645,4.0
4.478470325469971,1.0
4.126945495605469,1.0
2.415980339050293,1.0
3.7976090908050537,1.0
5.491439342498779,1.0
5.071486949920654,1.0
4.17717170715332,3.0
1.9024790525436401,1.0
5.700942516326904,1.0
8.80939769744873,1.0
7.640412330627441,17.0
5.08821439743042,1.0
11.29562759399414,9.0
4.126945495605469,3.0
6.052005767822266,4.0
6.268792152404785,20.0
6.318928241729736,1.0
3.3541996479034424,2.0
6.3607072830200195,3.0
7.640412330627441,3.0
4.79593563079834,5.0
5.0798492431640625,9.0
4.80380916595459,2.0
6.318928241729736,12.0
4.7708353996276855,1.0
4.678802967071533,3.0
6.252079486846924,1.0
5.960067272186279,3.0
7.598667144775391,3.0
6.268792152404785,77.0
6.085435390472412,4.0
9.07506275177002,2.0
4.478470325469971,1.0
6.052005767822266,1.0
5.08821439743042,3.0
6.227009296417236,3.0
11.287286758422852,13.0
6.268792152404785,2.0
6.905549049377441,14.0
6.268792152404785,13.0
7.548571586608887,2.0
5.491933345794678,2.0
5.600129127502441,4.0
3.8900933265686035,1.0
5.8179755210876465,3.0
2.626086473464966,1.0
3.7976090908050537,1.0
2.8938350677490234,2.0
4.009252548217773,4.0
2.776487350463867,1.0
2.875854015350342,1.0
7.640412330627441,8.0
4.042739391326904,2.0
4.478470325469971,1.0
1.6003729104995728,1.0
4.55280065536499,3.0
6.3607072830200195,1.0
2.885451316833496,1.0
3.1955132484436035,3.0
4.4701056480407715,2.0
4.1688008308410645,1.0
5.951219081878662,1.0
7.548571586608887,77.0
6.3607072830200195,1.0
4.4701056480407715,2.0
4.9878435134887695,2.0
3.9930033683776855,2.0
7.598667144775391,10.0
11.287286758422852,3.0
5.976785182952881,1.0
2.550632953643799,1.0
7.556920528411865,4.0
2.8183987140655518,1.0
6.268792152404785,16.0
2.851926803588867,5.0
7.548571586608887,13.0
6.3607072830200195,4.0
1.340640664100647,2.0
7.640412330627441,14.999999999999998
7.640412330627441,3.0
6.268792152404785,12.0
4.1688008308410645,2.0
5.08821439743042,1.0
7.548571586608887,2.0
4.586764335632324,1.0
3.530108690261841,2.0
