predicted,real
8.43948745727539,1.0
9.015954971313477,6.0
6.565431118011475,3.0
8.005410194396973,1.0
9.462018013000488,5.0
9.164861679077148,1.0
5.904751777648926,2.0
7.234780311584473,3.0
7.53204345703125,1.0
8.602108001708984,4.0
6.45139217376709,4.0
7.205582618713379,7.0
9.135093688964844,17.0
8.960075378417969,2.0
4.468200206756592,3.0
9.196481704711914,2.0
6.911740779876709,5.0
8.005410194396973,3.0
7.203737258911133,2.0
6.1314496994018555,1.0
8.005410194396973,10.0
9.135093688964844,24.0
7.7396345138549805,1.0
6.565431118011475,1.0
3.24477219581604,1.0
7.886625289916992,2.0
5.949091911315918,1.0
4.4950079917907715,2.0
9.462018013000488,3.0
5.366754531860352,4.0
9.135093688964844,16.0
5.178959369659424,1.0
7.559803485870361,3.0
6.076014041900635,1.0
9.462018013000488,4.0
5.471531867980957,9.0
8.960075378417969,2.0
4.5666913986206055,1.0
4.309678077697754,2.0
7.559803485870361,1.0
9.164861679077148,1.0
6.565431118011475,1.0
9.462018013000488,5.0
7.504289150238037,4.0
8.270157814025879,12.0
6.45139217376709,2.0
4.0372161865234375,4.0
7.856632709503174,1.0
7.504289150238037,3.0
9.462018013000488,8.0
7.91637659072876,3.0
8.379810333251953,1.0
1.660524606704712,2.0
5.178959369659424,1.0
8.005410194396973,3.0
9.164861679077148,1.0
7.886625289916992,2.0
9.015954971313477,2.0
9.462018013000488,4.0
8.540555000305176,1.0
6.2477569580078125,7.0
7.502437114715576,6.0
7.533894062042236,4.0
9.015954971313477,9.0
6.047443389892578,1.0
6.968726634979248,2.0
8.03518295288086,5.0
5.013901710510254,1.0
6.2477569580078125,2.0
9.462018013000488,2.0
8.988018035888672,3.0
7.734314441680908,8.0
6.077563285827637,1.0
9.462018013000488,5.0
6.6219377517700195,1.0
7.858493328094482,1.0
6.594459056854248,6.0
6.420668125152588,2.0
7.533894062042236,1.0
8.989882469177246,1.0
9.166723251342773,5.0
6.2477569580078125,1.0
9.462018013000488,2.0
7.504289150238037,1.0
6.334356784820557,8.0
7.767728328704834,1.0
4.959053039550781,1.0
7.33950662612915,3.0
6.565431118011475,1.0
6.420668125152588,2.0
7.620938301086426,3.0
7.886625289916992,1.0
9.313566207885742,6.0
6.449829578399658,1.0
9.462018013000488,14.0
9.462018013000488,6.0
4.469644069671631,1.0
7.559803485870361,3.0
6.565431118011475,1.0
6.106163501739502,1.0
7.504289150238037,2.0
7.886625289916992,1.0
8.005410194396973,4.0
6.076014041900635,1.0
2.866208791732788,1.0
7.678407669067383,40.0
6.594459056854248,1.0
7.678407669067383,9.0
6.420668125152588,5.0
7.678407669067383,3.0
6.305296897888184,1.0
7.886625289916992,1.0
7.53204345703125,1.0
7.192103862762451,1.0
9.135093688964844,10.0
6.478749752044678,2.0
6.667269706726074,2.0
7.339756011962891,2.0
7.678407669067383,12.0
9.135093688964844,24.0
7.060848712921143,43.0
6.420668125152588,1.0
5.509680271148682,2.0
6.219274044036865,1.0
7.678407669067383,33.0
7.5323004722595215,3.0
9.462018013000488,3.0
7.504289150238037,3.0
6.2765212059021,1.0
7.886625289916992,1.0
6.2477569580078125,8.0
7.5323004722595215,3.0
8.989882469177246,1.0
3.1958820819854736,1.0
9.047613143920898,2.0
7.886625289916992,1.0
8.361512184143066,2.0
8.005410194396973,6.0
6.886147499084473,3.0
8.005410194396973,1.0
7.559803485870361,5.0
7.678407669067383,12.0
7.7396345138549805,1.0
7.767728328704834,3.0
7.502437114715576,1.0
7.678407669067383,11.0
6.594459056854248,1.0
7.533894062042236,2.0
6.9376020431518555,19.0
8.960075378417969,1.0
7.767728328704834,2.0
7.5008392333984375,3.0
3.2700564861297607,1.0
7.8271565437316895,1.0
8.005410194396973,1.0
6.2477569580078125,5.0
7.886625289916992,4.0
9.047613143920898,2.0
7.678407669067383,82.0
9.075538635253906,4.0
9.315423965454102,2.0
5.443576812744141,2.0
7.354617595672607,2.0
9.135093688964844,7.0
9.313566207885742,7.0
8.005410194396973,2.0
7.678407669067383,3.0
8.480868339538574,1.0
7.504289150238037,3.0
7.413705825805664,4.0
5.150082111358643,3.0
1.2396175861358643,1.0
7.5008392333984375,3.0
9.462018013000488,2.0
9.135093688964844,13.0
7.944268703460693,2.0
7.264256477355957,2.0
7.886625289916992,2.0
8.960075378417969,5.0
6.334356784820557,1.0
6.478749752044678,1.0
7.738029479980469,2.0
9.462018013000488,5.0
9.462018013000488,1.0
9.432351112365723,6.0
7.678407669067383,5.0
7.413705825805664,5.0
6.076014041900635,1.0
7.5323004722595215,1.0
4.5218729972839355,1.0
4.766648292541504,2.0
8.03518295288086,11.0
9.135093688964844,14.0
7.799298286437988,1.0
9.077401161193848,3.0
9.135093688964844,2.0
9.462018013000488,5.0
8.960075378417969,5.0
7.8271565437316895,2.0
7.734314441680908,12.0
7.337917804718018,5.0
8.005410194396973,18.0
8.510709762573242,1.0
6.565431118011475,3.0
7.7396345138549805,1.0
0.7730311751365662,1.0
6.076014041900635,1.0
4.710707664489746,1.0
7.886625289916992,5.0
8.868762969970703,3.0
7.678407669067383,14.0
6.478749752044678,1.0
8.329813957214355,11.0
8.005410194396973,2.0
5.511430740356445,1.0
8.777412414550781,29.999999999999996
8.005410194396973,5.0
8.005410194396973,7.0
6.392034530639648,1.0
6.562058925628662,1.0
6.594459056854248,1.0
8.005410194396973,1.0
9.135093688964844,7.0
3.170691728591919,1.0
9.135093688964844,6.0
6.305552005767822,1.0
8.005410194396973,11.0
7.886625289916992,1.0
7.975639820098877,1.0
8.556990623474121,1.0
8.747577667236328,14.0
5.007264614105225,1.0
6.079345226287842,1.0
8.005410194396973,1.0
5.119022369384766,4.0
6.420668125152588,1.0
9.138816833496094,1.0
9.164861679077148,4.0
4.877025604248047,1.0
7.856632709503174,7.0
6.565431118011475,5.0
7.767728328704834,6.0
4.8463358879089355,4.0
8.958212852478027,3.0
6.449829578399658,1.0
7.7414870262146,2.0
6.880898952484131,3.0
6.565431118011475,7.0
8.958212852478027,3.0
6.420668125152588,4.0
5.425764083862305,1.0
7.678407669067383,1.0
7.413705825805664,2.0
6.2477569580078125,4.0
7.886625289916992,2.0
8.379810333251953,5.0
8.960075378417969,5.0
7.648993492126465,1.0
6.420668125152588,2.0
8.958212852478027,3.0
6.931519508361816,1.0
8.421186447143555,3.0
8.602108001708984,1.0
3.1958820819854736,1.0
6.565431118011475,1.0
6.449829578399658,1.0
7.413705825805664,4.0
6.594459056854248,3.0
8.005410194396973,1.0
5.904751777648926,1.0
7.678407669067383,2.0
6.308901786804199,2.0
7.88823127746582,4.0
7.504289150238037,1.0
6.2477569580078125,8.0
6.565431118011475,2.0
7.502437114715576,1.0
6.594459056854248,1.0
6.301943778991699,9.0
9.315423965454102,4.0
8.717740058898926,5.0
6.334356784820557,1.0
6.305296897888184,1.0
6.079345226287842,2.0
7.678406715393066,4.0
6.247753620147705,1.0
8.18256950378418,7.0
