predicted,real
5.280078887939453,2.0
-1.4966082572937012,2.0
2.8083789348602295,11.0
5.280078887939453,3.0
1.4457916021347046,1.0
-0.3085886538028717,2.0
1.522885799407959,1.0
2.874030590057373,1.0
-0.3085886538028717,7.0
2.9528777599334717,2.0
2.8083789348602295,5.0
6.115799903869629,6.0
2.1038661003112793,1.0
3.3085312843322754,8.0
4.734523773193359,3.0
5.266772747039795,3.0
3.0054874420166016,3.0
5.3865227699279785,2.0
2.8083789348602295,3.0
10.38272762298584,3.0
5.213547229766846,2.0
13.84065055847168,4.0
2.9528777599334717,5.0
-0.17332349717617035,21.0
6.486993789672852,4.0
-3.140117645263672,1.0
2.7952592372894287,4.0
5.3865227699279785,1.0
2.847766876220703,5.0
6.195413589477539,12.0
6.049429416656494,5.0
2.874030590057373,12.0
6.195413589477539,4.0
6.9196648597717285,1.0
3.3753979206085205,1.0
4.72122049331665,1.0
-0.17332349717617035,2.0
-0.32085826992988586,3.0
-0.9631427526473999,3.0
-0.17332349717617035,2.0
-0.2471717745065689,2.0
-0.9631427526473999,1.0
-0.025088241323828697,1.0
2.9528777599334717,7.0
6.062705993652344,2.0
3.295337438583374,5.0
-0.3085886538028717,1.0
6.115799903869629,44.0
-0.2471717745065689,1.0
3.123957872390747,3.0
2.312114715576172,4.0
6.314762115478516,7.0
-0.3085886538028717,2.0
6.049429416656494,3.0
1.522885799407959,3.0
-0.3085886538028717,1.0
2.8215126991271973,1.0
2.874030590057373,1.0
5.904210567474365,2.0
2.9528777599334717,8.0
6.195413589477539,29.999999999999996
6.195413589477539,71.0
6.248466968536377,2.0
12.773653984069824,3.0
6.036153793334961,1.0
5.266772747039795,1.0
-0.3085886538028717,1.0
5.213547229766846,1.0
-3.140117645263672,1.0
6.195413589477539,27.0
2.273019552230835,6.0
1.9878720045089722,2.0
2.168869733810425,1.0
5.280078887939453,1.0
1.9878720045089722,1.0
6.511773109436035,1.0
1.92305588722229,1.0
5.280078887939453,1.0
5.505381107330322,2.0
6.1821465492248535,3.0
4.129364013671875,5.0
2.91516375541687,3.0
5.9573445320129395,3.0
4.009931564331055,2.0
-0.5643882155418396,1.0
3.0054874420166016,5.0
6.115799903869629,28.0
-0.21025796234607697,2.0
-0.3085886538028717,9.0
4.734523773193359,5.0
5.545286178588867,3.0
-0.9863309264183044,1.0
6.195413589477539,19.0
11.086156845092773,19.0
2.9528777599334717,13.0
-3.150933027267456,1.0
2.8083789348602295,3.0
1.522885799407959,2.0
1.9101039171218872,3.0
1.4201172590255737,2.0
1.522885799407959,2.0
6.248466968536377,33.0
2.8083789348602295,2.0
-2.4454386234283447,1.0
5.280078887939453,1.0
-0.17332349717617035,1.0
-0.16099536418914795,1.0
-1.4966082572937012,1.0
2.8083789348602295,1.0
2.156717300415039,2.0
5.345737457275391,2.0
6.049429416656494,2.0
2.0397660732269287,8.0
3.0054874420166016,1.0
7.173499584197998,19.0
1.522885799407959,3.0
2.9397363662719727,1.0
5.213547229766846,2.0
-0.2471717745065689,3.0
2.9397363662719727,4.0
3.123957872390747,6.0
5.412261009216309,1.0
-0.17332349717617035,19.0
-1.046198844909668,1.0
4.72122049331665,1.0
6.036153793334961,1.0
5.505381107330322,4.0
0.4485282897949219,4.0
11.26584529876709,4.0
1.522885799407959,3.0
3.150306463241577,3.0
4.734523773193359,5.0
6.049429416656494,12.0
5.372348785400391,2.0
5.240159511566162,1.0
2.8083789348602295,1.0
5.3865227699279785,1.0
-0.2963259220123291,1.0
4.72122049331665,1.0
6.22194242477417,8.0
2.129854440689087,5.0
2.5210189819335938,1.0
5.240159511566162,3.0
6.949548721313477,5.0
5.465475082397461,2.0
6.049429416656494,3.0
0.14866122603416443,2.0
2.259984016418457,1.0
5.266772747039795,1.0
-0.3085886538028717,3.0
5.3989577293396,1.0
3.930349826812744,3.0
5.545286178588867,3.0
6.049429416656494,4.0
6.195413589477539,31.000000000000004
6.195413589477539,32.0
3.0054874420166016,4.0
-1.070104718208313,2.0
6.049429416656494,17.0
5.3989577293396,4.0
5.505381107330322,35.0
5.200239658355713,3.0
5.851065158843994,5.0
6.049429416656494,4.0
2.9528777599334717,7.0
5.280078887939453,2.0
2.874030590057373,7.0
2.9528777599334717,77.0
5.412261009216309,4.0
-1.046198844909668,2.0
2.862618923187256,1.0
2.7952592372894287,2.0
-0.32085826992988586,1.0
-0.2471717745065689,1.0
2.8083789348602295,7.0
5.758033752441406,9.0
-0.3085886538028717,2.0
-0.2471717745065689,2.0
-0.8187902569770813,1.0
6.049429416656494,5.0
4.496092796325684,6.0
3.019502639770508,1.0
2.874030590057373,1.0
11.074139595031738,9.0
6.049429416656494,4.0
5.213547229766846,2.0
4.72122049331665,1.0
4.734523773193359,3.0
2.9528777599334717,5.0
-0.3085886538028717,2.0
6.540812969207764,1.0
6.049429416656494,4.0
-0.3085886538028717,2.0
4.562573432922363,3.0
6.062705993652344,3.0
6.456995010375977,2.0
1.2799866199493408,1.0
-0.2471717745065689,1.0
-0.9863309264183044,1.0
4.009931564331055,4.0
0.512130081653595,1.0
2.9528777599334717,8.0
-0.3085886538028717,1.0
6.049429416656494,12.0
2.9528777599334717,82.0
5.345737457275391,2.0
-0.9023059010505676,1.0
5.47877836227417,1.0
6.434021949768066,3.0
6.089254379272461,3.0
6.456995010375977,1.0
5.904210567474365,1.0
5.345737457275391,4.0
4.734523773193359,4.0
6.209544658660889,6.0
2.8083789348602295,2.0
6.195413589477539,2.0
2.9528777599334717,17.0
8.09358024597168,4.0
-0.17332349717617035,4.0
-0.17332349717617035,4.0
4.734523773193359,5.0
6.248466968536377,6.0
4.482717990875244,1.0
6.115799903869629,5.0
7.002289772033691,1.0
2.7174153327941895,1.0
-0.17332349717617035,1.0
2.9528777599334717,10.0
3.110788583755493,25.0
2.8083789348602295,4.0
0.4485282897949219,3.0
-1.590410828590393,2.0
2.156717300415039,1.0
5.465475082397461,2.0
4.72122049331665,1.0
2.664997100830078,1.0
1.522885799407959,1.0
6.049429416656494,2.0
4.943195819854736,1.0
2.1038661003112793,2.0
2.9528777599334717,4.0
6.12993860244751,1.0
5.518683433532715,1.0
2.8083789348602295,2.0
3.661870241165161,3.0
3.0326600074768066,1.0
2.0527541637420654,1.0
-0.3085886538028717,1.0
2.8083789348602295,11.0
3.533957004547119,1.0
2.9528777599334717,20.0
0.3491012454032898,2.0
5.213547229766846,12.0
2.874030590057373,2.0
5.399828910827637,3.0
-0.17332349717617035,1.0
7.142820358276367,1.0
-0.3085886538028717,3.0
1.510037899017334,1.0
-0.18564817309379578,1.0
0.09890898317098618,2.0
6.43488883972168,3.0
-1.046198844909668,3.0
2.9528777599334717,2.0
2.874030590057373,3.0
-0.3085886538028717,2.0
2.9528777599334717,9.0
5.718153476715088,1.0
8.01397705078125,1.0
6.115799903869629,1.0
6.049429416656494,5.0
10.181907653808594,1.0
1.522885799407959,4.0
13.84065055847168,59.0
-1.070104718208313,1.0
5.505381107330322,7.0
5.266772747039795,6.0
6.235205173492432,3.0
4.734523773193359,1.0
3.7580692768096924,1.0
-0.2471717745065689,3.0
4.734523773193359,5.0
2.8083789348602295,1.0
5.213546276092529,1.0
2.9528794288635254,10.0
5.9573445320129395,1.0
