predicted,real
7.994594097137451,1.0
8.591404914855957,1.0
8.52270221710205,4.0
4.497186660766602,3.0
4.488612651824951,1.0
8.654417991638184,2.0
8.509925842285156,1.0
8.581791877746582,2.0
7.176573753356934,2.0
4.479001998901367,3.0
5.759430408477783,2.0
5.862499237060547,1.0
4.479922294616699,1.0
7.132372856140137,2.0
5.862499237060547,1.0
8.482962608337402,3.0
8.611252784729004,1.0
5.614398956298828,2.0
8.367026329040527,3.0
8.529009819030762,1.0
5.220520973205566,2.0
4.611617565155029,3.0
8.715293884277344,3.0
6.177737712860107,1.0
7.240357398986816,116.99999999999999
4.619863510131836,1.0
5.6499714851379395,1.0
8.529009819030762,7.0
8.628393173217773,9.0
4.518920421600342,1.0
8.529009819030762,14.0
5.738683700561523,2.0
8.155485153198242,1.0
4.479922294616699,12.0
8.509925842285156,1.0
7.577646732330322,10.0
8.52270221710205,1.0
8.601910591125488,1.0
7.577646732330322,4.0
4.701901435852051,7.0
7.240357398986816,2.0
8.52270221710205,2.0
7.455489635467529,6.0
8.591404914855957,3.0
8.509925842285156,1.0
7.476563453674316,24.0
7.794459342956543,19.0
8.315376281738281,1.0
8.642254829406738,2.0
4.828546047210693,1.0
7.220546722412109,2.0
4.486338138580322,6.0
8.637051582336426,10.0
5.738683700561523,2.0
8.529009819030762,14.0
6.974020957946777,13.0
5.009446144104004,3.0
7.240357398986816,17.0
5.654754161834717,7.0
7.476563453674316,11.0
8.529009819030762,10.0
7.415116310119629,1.0
6.477885723114014,2.0
8.529009819030762,20.0
8.52270221710205,1.0
4.482565879821777,3.0
8.434707641601562,2.0
4.479922294616699,2.0
6.704498291015625,1.0
5.186242580413818,1.0
8.52270221710205,7.0
7.240357398986816,7.0
8.52270221710205,1.0
4.964222431182861,2.0
4.531243801116943,6.0
4.691669464111328,2.0
8.637051582336426,5.0
7.329364776611328,1.0
8.642254829406738,2.0
8.52270221710205,3.0
8.642254829406738,2.0
8.52270221710205,2.0
7.1080756187438965,22.0
7.176573753356934,3.0
8.628393173217773,1.0
4.479922294616699,9.0
4.595831871032715,1.0
8.642254829406738,1.0
8.637051582336426,11.0
8.52270221710205,1.0
6.974020957946777,99.0
6.568587779998779,1.0
4.488612651824951,2.0
5.614398956298828,5.0
5.862499237060547,4.0
4.611617565155029,2.0
5.594385147094727,1.0
7.240357398986816,5.0
4.479922294616699,1.0
7.262197017669678,5.0
4.517043590545654,1.0
5.435835361480713,4.0
8.628393173217773,1.0
8.637051582336426,2.0
8.52270221710205,1.0
5.088798522949219,1.0
4.611617565155029,1.0
5.274715423583984,1.0
7.240357398986816,2.0
5.738683700561523,1.0
5.1134538650512695,1.0
8.529009819030762,13.0
8.645472526550293,1.0
4.479922294616699,1.0
8.171760559082031,1.0
4.723013877868652,2.0
5.277771949768066,2.0
8.643767356872559,1.0
5.237880706787109,2.0
7.476563453674316,1.0
8.637051582336426,3.0
7.415116310119629,1.0
8.541003227233887,1.0
8.527450561523438,1.0
6.835534572601318,1.0
8.52270221710205,1.0
8.52270221710205,3.0
8.530058860778809,1.0
5.738683700561523,2.0
4.521276950836182,3.0
8.482962608337402,3.0
4.684003829956055,3.0
8.739860534667969,1.0
6.497354507446289,1.0
8.267183303833008,1.0
5.481959819793701,3.0
4.813442707061768,3.0
7.240357398986816,12.0
5.654754161834717,1.0
8.591404914855957,7.0
7.476563453674316,4.0
6.7923994064331055,2.0
6.412191867828369,1.0
8.509925842285156,1.0
5.01088285446167,8.0
8.7737398147583,59.0
8.165339469909668,2.0
4.479922294616699,2.0
8.494802474975586,3.0
8.637051582336426,1.0
4.951428413391113,2.0
8.591404914855957,2.0
7.476563453674316,5.0
8.654417991638184,4.0
8.726458549499512,3.0
8.529009819030762,7.0
4.611617565155029,3.0
5.072872161865234,4.0
7.476563453674316,7.0
4.531243801116943,1.0
7.476563453674316,1.0
8.715293884277344,3.0
7.370351791381836,44.0
6.412191867828369,2.0
5.154191017150879,1.0
4.9958319664001465,1.0
7.264273643493652,2.0
4.479922294616699,1.0
7.174470901489258,1.0
4.488612651824951,5.0
8.52270221710205,7.0
5.820216178894043,2.0
6.548095703125,2.0
7.413086414337158,3.0
8.637051582336426,6.0
7.264273643493652,3.0
7.476563453674316,1.0
5.634523391723633,1.0
5.273070812225342,8.0
5.759430408477783,4.0
7.476563453674316,3.0
6.568587779998779,1.0
7.476563453674316,7.0
8.642254829406738,7.0
4.619863510131836,1.0
8.581791877746582,2.0
7.370351791381836,7.0
4.486338138580322,7.0
4.619863510131836,1.0
8.529009819030762,40.0
5.009446144104004,1.0
7.476563453674316,1.0
4.619863510131836,1.0
8.642254829406738,2.0
5.0534234046936035,2.0
5.594385147094727,3.0
6.183764457702637,12.0
4.479922294616699,5.0
4.477953910827637,2.0
4.538047790527344,7.0
8.642254829406738,5.0
8.637051582336426,1.0
8.581791877746582,3.0
6.1798529624938965,1.0
8.591404914855957,6.0
5.862499237060547,1.0
7.240357398986816,16.0
8.591404914855957,6.0
4.479922294616699,1.0
7.476563453674316,3.0
8.637051582336426,1.0
8.645472526550293,5.0
4.488612651824951,3.0
5.8413166999816895,9.0
4.479922294616699,1.0
4.611617565155029,1.0
5.481959819793701,3.0
8.587656021118164,1.0
5.207096099853516,3.0
5.554698944091797,1.0
4.63805627822876,2.0
7.240357398986816,16.0
5.274715423583984,1.0
6.931179523468018,1.0
7.520422458648682,1.0
8.715293884277344,2.0
8.637051582336426,4.0
7.600111961364746,2.0
4.477993011474609,1.0
6.795583724975586,1.0
4.479062557220459,1.0
8.768961906433105,2.0
8.601910591125488,1.0
6.277227878570557,1.0
4.825117588043213,4.0
4.9958319664001465,1.0
8.529009819030762,77.0
4.611617565155029,3.0
7.240357398986816,23.0
7.237284183502197,2.0
4.619863510131836,1.0
8.529009819030762,3.0
8.645472526550293,2.0
4.810875415802002,2.0
8.642254829406738,7.0
7.476563453674316,3.0
8.581791877746582,1.0
8.529009819030762,1.0
8.75218391418457,2.0
8.637051582336426,2.0
8.535144805908203,1.0
4.488612651824951,1.0
6.568587779998779,2.0
5.738683700561523,1.0
4.825117588043213,4.0
4.619863510131836,2.0
5.072872161865234,1.0
4.479922294616699,1.0
4.688932418823242,1.0
6.361766815185547,1.0
4.611617565155029,2.0
4.517043590545654,3.0
7.329364776611328,1.0
7.476563453674316,12.0
8.581791877746582,5.0
8.509925842285156,3.0
5.738683700561523,1.0
8.529009819030762,7.0
8.13514232635498,4.0
5.862499237060547,2.0
8.637051582336426,4.0
8.517826080322266,2.0
4.563607215881348,2.0
5.778280258178711,1.0
4.482565879821777,1.0
8.651236534118652,2.0
8.529009819030762,7.0
4.479922294616699,1.0
5.363594055175781,2.0
5.438499450683594,3.0
4.611617565155029,11.0
6.183764457702637,8.0
8.642254829406738,1.0
7.370351791381836,3.0
8.64225959777832,4.0
8.58179759979248,1.0
8.645468711853027,5.0
