predicted,real
5.820168495178223,4.0
3.4279181957244873,1.0
3.795257329940796,1.0
5.246203899383545,3.0
5.781597137451172,4.0
5.852023124694824,1.0
4.842430114746094,6.0
4.016782283782959,1.0
4.911397457122803,1.0
5.487051963806152,8.0
4.4792704582214355,4.0
5.253427982330322,3.0
5.077536106109619,2.0
5.852023124694824,5.0
3.712968349456787,1.0
4.117556571960449,5.0
5.528293132781982,2.0
3.8124582767486572,1.0
5.173456192016602,1.0
3.222520589828491,7.0
3.6253738403320312,2.0
5.253427982330322,3.0
5.562385559082031,11.0
4.076164245605469,1.0
4.7965240478515625,14.999999999999998
5.562385559082031,7.0
5.253427982330322,4.0
4.463140964508057,1.0
4.608287334442139,19.0
5.084967136383057,29.999999999999996
5.173456192016602,232.0
4.995361804962158,1.0
5.173456192016602,9.0
5.253427982330322,6.0
4.903769493103027,14.999999999999998
4.349466323852539,1.0
6.121639728546143,1.0
5.528293132781982,6.0
5.173456192016602,2.0
5.487051963806152,33.0
5.304293632507324,5.0
4.168241024017334,1.0
3.8124582767486572,1.0
5.389450550079346,3.0
3.6387534141540527,1.0
5.852023124694824,1.0
4.117556571960449,4.0
5.781597137451172,4.0
5.781597137451172,10.0
3.4279181957244873,1.0
3.3122200965881348,1.0
4.080239295959473,1.0
5.158321380615234,14.999999999999998
4.309812068939209,1.0
3.669502019882202,2.0
3.2984230518341064,3.0
4.117556571960449,1.0
5.852023124694824,4.0
5.432058811187744,3.0
5.195528507232666,4.0
3.8210415840148926,1.0
4.184863090515137,2.0
5.173456192016602,5.0
5.781597137451172,1.0
5.55558967590332,9.0
5.173456192016602,6.0
3.234412431716919,3.0
4.125919818878174,1.0
5.781597137451172,2.0
3.3163585662841797,1.0
3.3924174308776855,1.0
5.487051963806152,4.0
2.3023500442504883,2.0
3.3122200965881348,1.0
5.432058811187744,3.0
4.301604747772217,1.0
4.357630729675293,2.0
5.253427982330322,4.0
4.117556571960449,3.0
4.080239295959473,2.0
5.562385559082031,13.0
3.3835341930389404,2.0
5.562385559082031,1.0
4.54348087310791,2.0
3.8124582767486572,2.0
4.463140964508057,2.0
5.217215538024902,5.0
5.2761664390563965,1.0
5.487051963806152,10.0
5.147039413452148,3.0
5.297135353088379,2.0
3.4279181957244873,12.0
4.463140964508057,3.0
3.3835341930389404,1.0
3.721055269241333,1.0
4.151589870452881,1.0
5.253427982330322,12.0
5.144103527069092,2.0
5.562385559082031,4.0
4.117556571960449,3.0
5.2606425285339355,10.0
5.2391204833984375,4.0
5.466838359832764,1.0
3.3835341930389404,2.0
5.253427982330322,17.0
3.4279181957244873,1.0
3.7514960765838623,2.0
3.3163585662841797,1.0
4.995205879211426,4.0
5.253427982330322,4.0
4.0003814697265625,2.0
3.742870569229126,2.0
5.8583664894104,1.0
2.6131863594055176,2.0
3.7002689838409424,1.0
3.8124582767486572,2.0
3.4279181957244873,1.0
4.519460678100586,4.0
5.528293132781982,1.0
3.4279181957244873,1.0
3.3924174308776855,1.0
3.742870569229126,3.0
5.8583664894104,1.0
4.819291591644287,1.0
2.6233699321746826,3.0
5.099804878234863,8.0
3.4279181957244873,2.0
4.308530807495117,9.0
4.519460678100586,5.0
5.8583664894104,6.0
5.0477166175842285,9.0
3.6253738403320312,2.0
5.107210159301758,7.0
5.852023124694824,1.0
5.173456192016602,7.0
5.852023124694824,1.0
4.076164245605469,2.0
4.184703350067139,1.0
5.852023124694824,6.0
5.20266580581665,5.0
2.6131863594055176,1.0
5.253427982330322,10.0
3.3924174308776855,7.0
4.100821495056152,1.0
3.4279181957244873,4.0
5.085122108459473,2.0
5.04830265045166,1.0
3.3068573474884033,4.0
5.253427982330322,3.0
4.167595863342285,1.0
5.173456192016602,71.0
5.217215538024902,6.0
4.034780025482178,1.0
3.6428020000457764,1.0
5.1543869972229,13.0
3.4279181957244873,1.0
4.217864513397217,2.0
3.5507025718688965,3.0
3.8124582767486572,2.0
3.410179853439331,1.0
5.781597137451172,4.0
4.3902201652526855,1.0
3.3924174308776855,6.0
4.168241024017334,1.0
3.5202717781066895,1.0
5.562385559082031,6.0
5.010251522064209,4.0
5.852023124694824,1.0
4.450850486755371,4.0
5.562385559082031,2.0
5.562385559082031,6.0
5.013838291168213,1.0
5.8583664894104,1.0
4.117556571960449,3.0
5.562385559082031,1.0
5.253427982330322,9.0
5.562385559082031,2.0
4.463140964508057,3.0
5.562385559082031,5.0
3.4279181957244873,5.0
5.562385559082031,2.0
5.8583664894104,1.0
5.253427982330322,5.0
3.3122200965881348,8.0
5.487051963806152,16.0
5.70336389541626,2.0
4.184228897094727,2.0
4.430800437927246,3.0
4.536725997924805,2.0
5.253427982330322,3.0
3.8124582767486572,1.0
3.7435379028320312,1.0
4.811561584472656,3.0
3.3924174308776855,5.0
3.8210415840148926,2.0
3.8124582767486572,1.0
3.742870569229126,11.0
3.5168707370758057,2.0
5.253427982330322,5.0
5.487051963806152,5.0
5.562385559082031,4.0
5.8583664894104,4.0
5.487051963806152,50.0
5.562385559082031,1.0
5.775143146514893,1.0
1.8980741500854492,3.0
4.184863090515137,1.0
4.980123519897461,7.0
4.184228897094727,1.0
5.480144500732422,2.0
4.184863090515137,1.0
5.562385559082031,2.0
4.422703266143799,10.0
5.144103527069092,3.0
3.8124582767486572,1.0
4.4270339012146,2.0
5.562385559082031,5.0
5.852023124694824,1.0
4.30031681060791,2.0
5.2177815437316895,1.0
4.584451675415039,14.0
4.904798984527588,4.0
5.852023124694824,1.0
5.173456192016602,17.0
3.725588083267212,3.0
4.710978031158447,2.0
5.569179534912109,2.0
5.445999622344971,3.0
3.4279181957244873,4.0
5.852023124694824,3.0
5.195528507232666,1.0
4.117556571960449,1.0
5.820168495178223,1.0
5.129373550415039,22.0
5.382405757904053,1.0
4.126570224761963,1.0
5.781597137451172,6.0
5.487051963806152,7.0
4.463140964508057,2.0
4.543646812438965,2.0
5.541959762573242,5.0
3.7514960765838623,1.0
5.144256591796875,1.0
3.742870569229126,1.0
4.873165130615234,1.0
3.742870569229126,1.0
3.742870569229126,2.0
5.253427982330322,3.0
3.8117868900299072,2.0
5.852023124694824,2.0
4.788325786590576,1.0
5.253427982330322,3.0
4.27565860748291,1.0
3.3924174308776855,1.0
5.173456192016602,13.0
3.778048038482666,8.0
4.117556571960449,2.0
4.742090225219727,5.0
5.173456192016602,16.0
5.173456192016602,3.0
5.781597137451172,2.0
5.396485805511475,3.0
3.3835341930389404,2.0
5.487051963806152,12.0
2.9065942764282227,3.0
5.466838359832764,1.0
5.528293132781982,2.0
3.4279181957244873,1.0
4.184703350067139,1.0
5.04024076461792,3.0
5.253427982330322,5.0
3.4279181957244873,2.0
3.7694263458251953,2.0
4.003808975219727,1.0
5.253427982330322,5.0
2.6131863594055176,1.0
3.3835341930389404,1.0
4.631613731384277,1.0
4.703131675720215,1.0
4.402122974395752,1.0
2.3179447650909424,1.0
5.246203899383545,6.0
4.034780025482178,2.0
5.253427982330322,5.0
4.076333999633789,1.0
5.253427982330322,1.0
4.811561584472656,4.0
