predicted,real
5.5860114097595215,5.0
2.746443748474121,14.999999999999998
5.55935525894165,1.0
6.524428844451904,1.0
7.041628837585449,1.0
6.706301689147949,5.0
5.911741256713867,10.0
6.846292972564697,1.0
6.6496429443359375,1.0
4.371625900268555,4.0
5.831727027893066,1.0
6.3174543380737305,5.0
6.524428844451904,1.0
3.423612117767334,1.0
5.881198883056641,3.0
4.371625900268555,13.0
3.725456953048706,1.0
6.624736785888672,1.0
4.371625900268555,6.0
4.088323593139648,2.0
5.69920015335083,9.0
6.942759037017822,7.0
2.7884395122528076,1.0
5.159270286560059,1.0
2.8062920570373535,1.0
4.371625900268555,13.0
1.4693009853363037,1.0
4.216334819793701,21.0
5.69076681137085,5.0
5.5860114097595215,4.0
6.524428844451904,1.0
3.9052181243896484,2.0
3.019871711730957,2.0
3.61710524559021,1.0
4.088323593139648,5.0
4.394361972808838,2.0
5.186015605926514,1.0
5.55935525894165,1.0
4.633802890777588,2.0
5.904224395751953,1.0
4.918932914733887,1.0
5.56611967086792,5.0
5.96353816986084,6.0
5.5860114097595215,2.0
4.081871032714844,4.0
5.56611967086792,9.0
7.6025896072387695,1.0
5.858150005340576,3.0
2.229879379272461,9.0
4.0628886222839355,5.0
5.858150005340576,12.0
4.216334819793701,32.0
5.96353816986084,2.0
5.831727027893066,1.0
5.56611967086792,5.0
4.088323593139648,1.0
4.179664611816406,2.0
5.616028785705566,1.0
5.399986743927002,1.0
6.895451545715332,3.0
5.56611967086792,2.0
4.088323593139648,18.0
4.815861701965332,1.0
5.56611967086792,2.0
4.446568965911865,2.0
3.019871711730957,1.0
5.56611967086792,3.0
5.02564001083374,1.0
4.6687092781066895,2.0
4.088323593139648,7.0
6.6496429443359375,3.0
6.499188423156738,1.0
6.324131965637207,3.0
7.450030326843262,2.0
2.768089532852173,1.0
4.371625900268555,7.0
5.052350044250488,1.0
5.266265869140625,1.0
6.524428844451904,9.0
5.589391708374023,4.0
6.480315685272217,1.0
5.5860114097595215,2.0
5.56611967086792,6.0
4.68665075302124,8.0
4.107345104217529,1.0
6.7983527183532715,1.0
6.2210612297058105,1.0
4.766124725341797,3.0
6.394406795501709,1.0
4.713114261627197,11.0
3.9837470054626465,1.0
5.55935525894165,1.0
6.499188423156738,3.0
5.858150005340576,13.0
6.451752662658691,4.0
4.008991718292236,14.999999999999998
5.801913738250732,3.0
3.019871711730957,2.0
5.56611967086792,29.999999999999996
6.6496429443359375,4.0
5.69920015335083,4.0
4.03570032119751,11.0
4.371625900268555,16.0
4.088323593139648,2.0
7.037881374359131,2.0
5.56611967086792,14.999999999999998
5.858150005340576,16.0
2.891904830932617,5.0
5.56611967086792,8.0
5.55935525894165,3.0
4.371625900268555,5.0
7.203786849975586,2.0
5.753124713897705,5.0
2.768089532852173,4.0
4.476046562194824,3.0
5.858150005340576,77.0
4.371625900268555,28.0
4.423755645751953,1.0
6.847064018249512,1.0
6.530824661254883,7.0
6.499188423156738,2.0
5.178215503692627,4.0
2.705315113067627,2.0
7.560368061065674,2.0
4.107345104217529,3.0
5.69582986831665,3.0
4.088323593139648,3.0
2.8268537521362305,1.0
5.56611967086792,5.0
2.8268537521362305,1.0
5.907565593719482,3.0
7.554983615875244,3.0
6.524428844451904,2.0
6.524428844451904,3.0
3.2874600887298584,2.0
5.5860114097595215,1.0
5.052350044250488,1.0
3.0416033267974854,2.0
4.252791404724121,1.0
5.831727027893066,1.0
6.272698879241943,8.0
2.768089532852173,1.0
7.406200885772705,10.0
5.159270286560059,8.0
4.216334819793701,6.0
3.019871711730957,2.0
4.371625900268555,82.0
2.7884395122528076,1.0
5.96353816986084,1.0
6.5559844970703125,11.0
2.5056774616241455,1.0
5.801913738250732,1.0
2.7884395122528076,9.0
3.3334579467773438,1.0
6.846292972564697,1.0
2.8268537521362305,4.0
5.592771530151367,2.0
4.081871032714844,2.0
5.96353816986084,3.0
5.5860114097595215,2.0
5.858150005340576,6.0
5.4826860427856445,2.0
4.319676876068115,1.0
5.56611967086792,8.0
5.5860114097595215,1.0
3.019871711730957,7.0
7.422603130340576,1.0
4.081871032714844,1.0
6.2243452072143555,5.0
6.524428844451904,2.0
1.8629132509231567,1.0
4.371625900268555,1.0
3.082566022872925,1.0
2.80889630317688,1.0
5.639273643493652,3.0
2.7884395122528076,1.0
5.56611967086792,5.0
5.5860114097595215,4.0
5.5860114097595215,3.0
2.7884395122528076,16.0
6.9634904861450195,1.0
6.847064018249512,1.0
5.56611967086792,9.0
5.563579559326172,1.0
2.229879379272461,13.0
3.9837470054626465,2.0
4.107345104217529,4.0
6.120528697967529,3.0
4.088323593139648,3.0
2.891904830932617,4.0
2.7884395122528076,1.0
6.327386379241943,3.0
6.481125831604004,4.0
5.56611967086792,11.0
5.69920015335083,1.0
2.7884395122528076,3.0
5.56611967086792,3.0
3.423612117767334,1.0
5.372406482696533,2.0
5.104780673980713,36.0
6.624736785888672,5.0
6.524428844451904,2.0
4.088323593139648,3.0
4.371625900268555,14.999999999999998
3.019871711730957,2.0
6.524428844451904,2.0
6.524428844451904,2.0
5.56611967086792,17.0
5.454275608062744,1.0
5.56611967086792,3.0
5.186015605926514,1.0
5.5860114097595215,3.0
6.198458194732666,14.0
6.477109432220459,7.0
2.768089532852173,3.0
4.371625900268555,12.0
5.4826860427856445,4.0
5.96353816986084,6.0
6.6496429443359375,1.0
3.610985517501831,1.0
6.846292972564697,1.0
4.371625900268555,3.0
5.56611967086792,12.0
6.6496429443359375,3.0
4.088323593139648,5.0
6.6496429443359375,1.0
5.56611967086792,4.0
4.088323593139648,3.0
5.55935525894165,2.0
6.524428844451904,2.0
4.107345104217529,2.0
4.371625900268555,14.0
5.56611967086792,24.0
4.0628886222839355,2.0
5.858150005340576,16.0
6.606101989746094,16.0
6.624736785888672,1.0
5.858150005340576,2.0
2.7884395122528076,5.0
4.316389083862305,1.0
2.7884395122528076,5.0
6.606101989746094,3.0
2.7884395122528076,1.0
7.108291149139404,2.0
5.12201452255249,1.0
2.7884395122528076,3.0
6.524428844451904,1.0
5.910906791687012,4.0
5.052350044250488,1.0
5.159270286560059,1.0
5.55935525894165,1.0
5.670928001403809,1.0
6.524428844451904,1.0
5.509383201599121,9.0
5.56611967086792,4.0
6.120528697967529,1.0
5.56611967086792,3.0
6.524428844451904,1.0
4.476046562194824,3.0
2.7884395122528076,4.0
4.371625900268555,10.0
4.766124725341797,4.0
6.524428844451904,2.0
5.159270286560059,5.0
6.400878429412842,1.0
4.316389083862305,6.0
4.216334819793701,2.0
5.56611967086792,3.0
2.803684949874878,1.0
4.343155384063721,2.0
2.7884395122528076,2.0
4.107345104217529,3.0
4.476046562194824,4.0
5.400830268859863,1.0
4.107345104217529,1.0
5.616028785705566,4.0
2.891904830932617,1.0
5.02564001083374,2.0
5.56611967086792,5.0
6.780096054077148,1.0
5.55935525894165,1.0
6.016021728515625,22.0
4.216334819793701,10.0
6.825835227966309,2.0
4.766125679016113,1.0
7.644362926483154,19.0
4.216335773468018,2.0
