predicted,real
2.803016424179077,1.0
2.8880155086517334,1.0
3.349917411804199,1.0
6.660302639007568,10.0
6.660302639007568,12.0
6.441405773162842,99.0
1.3823707103729248,1.0
3.953392505645752,7.0
5.549282550811768,10.0
4.561098575592041,7.0
2.8880155086517334,1.0
6.007278919219971,3.0
-0.17563727498054504,2.0
3.1812891960144043,3.0
6.441405773162842,29.999999999999996
5.052101135253906,2.0
3.4013512134552,4.0
3.9511871337890625,8.0
4.030821800231934,1.0
6.167628765106201,4.0
4.977480888366699,1.0
6.167628765106201,11.0
5.052101135253906,7.0
5.145150661468506,4.0
3.129276990890503,2.0
5.126564025878906,9.0
4.030821800231934,12.0
5.145150661468506,4.0
4.9401140213012695,10.0
5.216608047485352,1.0
2.08490252494812,5.0
6.441405773162842,13.0
3.24993634223938,2.0
0.01845281943678856,2.0
3.129276990890503,2.0
3.24993634223938,1.0
-0.02985973283648491,1.0
5.824871063232422,2.0
6.660302639007568,12.0
5.145150661468506,6.0
4.030821800231934,1.0
3.129276990890503,8.0
6.660302639007568,26.0
4.658451080322266,3.0
4.752621650695801,2.0
4.865245819091797,20.0
4.030821800231934,2.0
-1.9462387561798096,1.0
5.709908485412598,2.0
6.477889060974121,1.0
5.696419715881348,2.0
6.660302639007568,4.0
3.349917411804199,1.0
5.145150661468506,8.0
4.717123985290527,2.0
6.496129989624023,7.0
1.3823707103729248,2.0
5.788196563720703,1.0
5.145150661468506,2.0
3.2869369983673096,1.0
6.842797756195068,10.0
0.8653191924095154,2.0
2.158729314804077,2.0
3.129276990890503,1.0
4.033763885498047,1.0
6.769781589508057,6.0
0.7084854245185852,2.0
3.349917411804199,1.0
5.4755635261535645,7.0
2.052063465118408,1.0
2.073443651199341,1.0
3.9339873790740967,1.0
5.145150661468506,4.0
3.206743001937866,2.0
6.861054420471191,3.0
6.861054420471191,2.0
4.030821800231934,1.0
3.206743001937866,4.0
4.658451080322266,1.0
6.131093502044678,16.0
0.8450861573219299,2.0
3.36985445022583,1.0
5.788196563720703,3.0
3.189701795578003,2.0
4.8298845291137695,1.0
5.586103439331055,2.0
4.518775463104248,1.0
-0.8005577325820923,2.0
4.2350592613220215,1.0
4.73594856262207,1.0
4.9401140213012695,13.0
5.7698516845703125,1.0
5.145150661468506,2.0
2.8880155086517334,2.0
4.940794944763184,8.0
5.145150661468506,2.0
5.145150661468506,6.0
2.1374404430389404,1.0
2.030636787414551,2.0
2.8652663230895996,2.0
6.660302639007568,232.0
3.9339873790740967,2.0
4.030821800231934,2.0
5.304351329803467,19.0
2.8880155086517334,3.0
4.707716464996338,6.0
0.9761707186698914,1.0
5.788196563720703,1.0
4.9401140213012695,10.0
-0.43663281202316284,2.0
2.8880155086517334,1.0
5.052101135253906,2.0
5.052101135253906,6.0
6.222414970397949,1.0
6.879315376281738,3.0
1.8583941459655762,1.0
5.052101135253906,26.0
4.030821800231934,1.0
4.030821800231934,5.0
3.349917411804199,5.0
4.9401140213012695,10.0
6.587334632873535,33.0
2.119384527206421,1.0
6.660302639007568,6.0
2.1374404430389404,2.0
3.349917411804199,1.0
4.033763885498047,1.0
2.1374404430389404,2.0
5.145150661468506,3.0
3.349917411804199,1.0
6.861054420471191,1.0
4.9401140213012695,94.0
5.383250713348389,4.0
5.145150661468506,4.0
5.145150661468506,3.0
-0.1512443572282791,1.0
6.6238179206848145,4.0
2.9867842197418213,1.0
2.858104705810547,3.0
3.5203804969787598,3.0
4.73594856262207,2.0
2.158729314804077,2.0
5.126564025878906,1.0
3.5545096397399902,1.0
2.8785452842712402,9.0
-1.7595853805541992,1.0
3.9921367168426514,1.0
2.264735221862793,3.0
3.953392505645752,1.0
4.110929489135742,1.0
5.145150661468506,3.0
5.346277236938477,1.0
3.24993634223938,3.0
6.861054420471191,29.999999999999996
2.1374404430389404,1.0
4.030821800231934,1.0
5.145150661468506,3.0
3.129276990890503,4.0
2.9084293842315674,1.0
6.660302639007568,7.0
3.7811636924743652,2.0
6.861054420471191,1.0
2.052063465118408,8.0
1.861687421798706,1.0
1.9695340394973755,1.0
2.030636787414551,2.0
3.6998777389526367,7.0
3.062514543533325,1.0
-1.5156406164169312,2.0
5.641289234161377,5.0
0.01845281943678856,2.0
3.953392505645752,1.0
2.119384527206421,1.0
1.5739187002182007,1.0
6.861054420471191,4.0
5.145150661468506,2.0
5.641289234161377,3.0
2.1374404430389404,1.0
3.24993634223938,2.0
-3.611292600631714,3.0
2.9867842197418213,1.0
2.030636787414551,1.0
5.145150661468506,5.0
3.875696897506714,1.0
6.861054420471191,6.0
3.875696897506714,1.0
6.861054420471191,13.0
5.641289234161377,1.0
2.1374404430389404,1.0
6.861054420471191,17.0
5.272231578826904,3.0
5.383250713348389,1.0
4.658451080322266,4.0
6.660302639007568,32.0
4.030821800231934,1.0
6.861054420471191,2.0
6.861054420471191,1.0
4.9401140213012695,6.0
3.349917411804199,8.0
3.5058391094207764,1.0
6.587334632873535,1.0
1.6321585178375244,1.0
1.9910200834274292,1.0
5.145150661468506,5.0
1.5061200857162476,2.0
0.18014350533485413,2.0
4.714992523193359,25.0
6.660302639007568,31.000000000000004
6.204155445098877,2.0
2.9084293842315674,1.0
1.9280903339385986,4.0
4.9401140213012695,7.0
5.641289234161377,35.0
5.052101135253906,6.0
0.9761707186698914,2.0
6.861054420471191,12.0
4.030821800231934,5.0
4.9401140213012695,3.0
2.1374404430389404,1.0
5.678047180175781,4.0
5.641289234161377,4.0
1.7799763679504395,3.0
4.9401140213012695,7.0
3.349917411804199,1.0
1.3823707103729248,1.0
6.879315376281738,1.0
4.9401140213012695,7.0
6.258929252624512,4.0
4.679448127746582,1.0
1.8583941459655762,1.0
2.718406915664673,1.0
4.9401140213012695,5.0
3.7781922817230225,1.0
6.769781589508057,14.0
2.597459554672241,2.0
4.73594856262207,1.0
4.717123985290527,5.0
3.109100818634033,1.0
3.1611757278442383,1.0
3.24993634223938,3.0
6.861054420471191,4.0
5.622899532318115,3.0
4.865245819091797,1.0
-0.5023919939994812,1.0
4.717123985290527,3.0
3.9563374519348145,3.0
6.660302639007568,27.0
4.030821800231934,2.0
4.883979320526123,3.0
3.443354368209839,2.0
6.660302639007568,3.0
4.9401140213012695,3.0
3.36985445022583,6.0
2.680276393890381,2.0
4.030821800231934,1.0
4.030821800231934,2.0
1.2707566022872925,1.0
2.0948030948638916,1.0
4.9401140213012695,7.0
6.477889060974121,3.0
5.145150661468506,3.0
4.717123985290527,4.0
2.0923850536346436,4.0
5.145150661468506,3.0
-0.3407856225967407,2.0
4.9401140213012695,13.0
-0.02985973283648491,1.0
4.030821800231934,2.0
4.867378234863281,3.0
6.861054420471191,9.0
4.047947883605957,9.0
3.349917411804199,4.0
2.119384527206421,4.0
4.179828643798828,1.0
3.36985445022583,1.0
6.67854642868042,5.0
3.129276990890503,1.0
6.861054420471191,4.0
4.033763885498047,1.0
3.129276990890503,2.0
6.806286334991455,3.0
0.01845281943678856,1.0
4.030821800231934,2.0
4.2350592613220215,4.0
4.735949993133545,1.0
4.677315711975098,3.0
3.2499406337738037,6.0
