predicted,real
4.387235164642334,2.0
4.975411415100098,9.0
4.249505043029785,1.0
4.433615207672119,2.0
4.007922649383545,4.0
3.0032215118408203,2.0
4.815035820007324,59.0
4.521365642547607,2.0
4.3672871589660645,9.0
4.387235164642334,17.0
3.0032215118408203,5.0
4.471734523773193,1.0
3.736039161682129,1.0
4.429834365844727,11.0
4.463475704193115,2.0
4.396486759185791,1.0
4.388010025024414,2.0
4.146417140960693,1.0
4.071939468383789,3.0
4.655937194824219,1.0
4.471734523773193,9.0
4.378401756286621,13.0
3.5620076656341553,3.0
4.429834365844727,3.0
4.387235164642334,9.0
4.429834365844727,6.0
3.7611703872680664,4.0
4.521365642547607,1.0
4.406310081481934,1.0
4.387235164642334,3.0
4.4220967292785645,7.0
4.453848361968994,2.0
4.473413467407227,1.0
4.387235164642334,4.0
3.7121102809906006,2.0
4.3672871589660645,14.0
4.388960361480713,3.0
3.925703287124634,1.0
4.3672871589660645,12.0
3.382066488265991,1.0
3.492877721786499,1.0
4.323647499084473,9.0
4.429834365844727,1.0
4.471734523773193,1.0
4.463475704193115,3.0
4.412693977355957,10.0
4.429834365844727,1.0
4.429834365844727,2.0
1.05509614944458,1.0
4.429834365844727,16.0
4.4220967292785645,3.0
3.068387269973755,1.0
3.462179660797119,1.0
3.382066488265991,2.0
4.975411415100098,3.0
2.5641884803771973,1.0
3.3601388931274414,1.0
4.387235164642334,12.0
2.4376344680786133,2.0
2.8950397968292236,1.0
4.056026935577393,2.0
4.453848361968994,5.0
4.2273688316345215,1.0
3.5801281929016113,1.0
1.7331262826919556,1.0
4.406310081481934,20.0
4.361514091491699,3.0
3.068387269973755,1.0
4.471734523773193,5.0
4.323299407958984,3.0
4.3672871589660645,83.0
4.087385654449463,5.0
3.6448676586151123,1.0
4.4220967292785645,2.0
3.728078603744507,1.0
4.453848361968994,2.0
4.378401756286621,10.0
4.339616775512695,2.0
4.3672871589660645,16.0
4.387235164642334,6.0
4.3672871589660645,13.0
3.676757574081421,1.0
4.338336944580078,4.0
4.429834365844727,4.0
3.930328369140625,3.0
4.144427299499512,4.0
3.382066488265991,1.0
4.473413467407227,1.0
3.068387269973755,3.0
3.492877721786499,1.0
3.6267261505126953,1.0
4.429834365844727,1.0
4.087385654449463,4.0
4.387235164642334,2.0
4.359518051147461,1.0
4.102336406707764,2.0
3.326732635498047,1.0
4.968630313873291,2.0
3.4827165603637695,1.0
3.8825936317443848,2.0
4.763701915740967,1.0
3.016411304473877,1.0
3.6593828201293945,1.0
3.492877721786499,1.0
4.419680118560791,2.0
4.407917022705078,1.0
3.068387269973755,5.0
4.471734523773193,5.0
3.3329238891601562,3.0
4.471734523773193,2.0
3.382066488265991,1.0
3.068387269973755,1.0
4.359518051147461,6.0
4.203847408294678,1.0
4.218649387359619,1.0
4.3451337814331055,4.0
4.340823650360107,14.0
3.2343661785125732,1.0
4.387235164642334,5.0
4.471734523773193,1.0
4.8796796798706055,4.0
3.326732635498047,1.0
4.470062255859375,1.0
3.4827165603637695,5.0
4.463475704193115,1.0
4.04760217666626,1.0
4.329615116119385,3.0
4.412693977355957,7.0
3.326732635498047,1.0
4.453848361968994,2.0
4.412693977355957,12.0
4.470062255859375,1.0
4.143964767456055,4.0
4.428289890289307,2.0
4.473413467407227,1.0
4.4220967292785645,12.0
3.382066488265991,1.0
4.412693977355957,82.0
4.412693977355957,4.0
4.336418151855469,3.0
4.387235164642334,5.0
3.382066488265991,1.0
3.776620388031006,1.0
4.429834365844727,11.0
4.340823650360107,2.0
4.453848361968994,2.0
3.068387269973755,4.0
4.060836315155029,1.0
4.453848361968994,4.0
4.453848361968994,2.0
3.4827165603637695,3.0
4.387235164642334,14.999999999999998
4.406310081481934,3.0
3.6863784790039062,2.0
3.492877721786499,4.0
3.0032215118408203,3.0
4.429834365844727,2.0
4.463475704193115,5.0
4.232764720916748,1.0
4.473413467407227,2.0
3.39290714263916,1.0
3.068387269973755,2.0
4.471734523773193,3.0
4.387235164642334,4.0
4.3672871589660645,6.0
4.412693977355957,14.0
3.6267261505126953,1.0
4.121555805206299,5.0
3.068387269973755,2.0
4.429834365844727,10.0
4.429834365844727,14.0
4.412693977355957,13.0
4.387235164642334,3.0
3.2343661785125732,1.0
4.412693977355957,3.0
3.518925189971924,5.0
4.227883815765381,4.0
3.830984354019165,2.0
4.270043849945068,1.0
4.3672871589660645,232.0
3.7277214527130127,1.0
4.453848361968994,1.0
4.431380271911621,5.0
4.453848361968994,1.0
4.389729976654053,3.0
4.387235164642334,2.0
3.016411304473877,6.0
3.736039161682129,4.0
4.192290306091309,4.0
4.412693977355957,9.0
3.4827165603637695,7.0
3.8825936317443848,1.0
4.144427299499512,4.0
4.071939468383789,7.0
4.387235164642334,1.0
4.453848361968994,8.0
3.895322322845459,1.0
4.308524131774902,1.0
4.429834365844727,2.0
4.318490982055664,1.0
4.06669282913208,3.0
4.3727288246154785,4.0
0.8505264520645142,1.0
4.473413467407227,2.0
4.429834365844727,3.0
4.463475704193115,1.0
3.068387269973755,1.0
3.7856979370117188,2.0
4.471734523773193,3.0
4.412693977355957,2.0
4.311427593231201,8.0
4.378401756286621,6.0
4.4220967292785645,3.0
3.7277214527130127,3.0
4.378401756286621,4.0
4.347067832946777,2.0
3.987348794937134,3.0
4.412693977355957,7.0
4.172197341918945,5.0
4.087385654449463,35.0
3.382066488265991,2.0
4.295393466949463,1.0
1.459609031677246,2.0
4.415848255157471,1.0
3.016411304473877,6.0
4.069054126739502,1.0
3.492877721786499,1.0
4.452270030975342,1.0
3.3601388931274414,3.0
4.126232147216797,1.0
4.147072792053223,19.0
3.7772164344787598,1.0
3.7856979370117188,1.0
4.412693977355957,2.0
4.066148281097412,1.0
3.7277214527130127,1.0
4.387235164642334,6.0
3.9236867427825928,3.0
4.315297603607178,1.0
4.412693977355957,10.0
4.069054126739502,1.0
4.126232147216797,1.0
4.087385654449463,5.0
4.087385654449463,2.0
4.347256660461426,3.0
3.6448676586151123,1.0
3.337921619415283,8.0
4.203847408294678,3.0
4.311059951782227,1.0
4.387235164642334,2.0
5.176809787750244,1.0
2.8811986446380615,2.0
4.323299407958984,1.0
2.7369396686553955,1.0
4.387235164642334,7.0
3.736039161682129,3.0
4.471734523773193,2.0
4.378216743469238,1.0
4.3691816329956055,1.0
4.378401756286621,27.0
4.431380271911621,1.0
3.925703287124634,1.0
4.429834365844727,2.0
4.387235164642334,1.0
4.457027435302734,1.0
4.463475704193115,4.0
2.7820703983306885,2.0
3.0425312519073486,1.0
4.331908702850342,9.0
3.068387269973755,1.0
2.348701000213623,1.0
4.453848361968994,2.0
3.3601388931274414,3.0
4.429834365844727,1.0
3.3551981449127197,1.0
2.738468885421753,2.0
4.087385654449463,3.0
4.378401756286621,9.0
4.3691816329956055,3.0
4.453848361968994,5.0
4.396486759185791,2.0
1.7331262826919556,1.0
3.068387269973755,1.0
3.6448676586151123,1.0
4.289918422698975,1.0
3.003218412399292,1.0
3.910228729248047,2.0
