predicted,real
-3.0821878910064697,1.0
-0.0021734056062996387,1.0
4.518220901489258,13.0
5.775984764099121,19.0
6.456624984741211,3.0
7.412863254547119,9.0
7.442353248596191,5.0
6.279902458190918,5.0
6.603941440582275,3.0
7.471843242645264,2.0
8.280801773071289,4.0
7.956555366516113,83.0
1.0223079919815063,2.0
6.633408069610596,1.0
-0.0021734056062996387,1.0
7.442353248596191,9.0
0.4424617886543274,2.0
-4.140148162841797,1.0
6.279902458190918,6.0
-0.2130199819803238,1.0
7.442353248596191,4.0
7.117979049682617,16.0
1.5458109378814697,1.0
0.7961902618408203,1.0
1.6027848720550537,1.0
8.280801773071289,5.0
-1.3840489387512207,1.0
4.6646037101745605,4.0
3.254051923751831,1.0
6.279902458190918,2.0
6.263350009918213,5.0
0.3582448363304138,3.0
7.442353248596191,14.0
5.766763210296631,1.0
8.280801773071289,3.0
6.279902458190918,1.0
7.442353248596191,2.0
-2.4145195484161377,1.0
7.117979049682617,77.0
8.280801773071289,6.0
6.603941440582275,1.0
6.603941440582275,12.0
7.117979049682617,12.0
4.7523980140686035,2.0
7.147465229034424,4.0
6.603941440582275,8.0
6.456624984741211,1.0
-0.2130199819803238,1.0
0.583064079284668,2.0
6.38115119934082,2.0
7.956555366516113,28.0
7.956555366516113,6.0
7.442353248596191,6.0
1.6312886476516724,1.0
7.602715492248535,99.0
4.200356483459473,1.0
3.2413625717163086,1.0
-3.1736419200897217,3.0
-4.342355728149414,5.0
7.000037670135498,5.0
7.442353248596191,2.0
-0.18516422808170319,2.0
1.6312886476516724,1.0
4.067755699157715,1.0
6.351699352264404,1.0
2.865427255630493,1.0
4.6646037101745605,2.0
7.029524326324463,3.0
0.583064079284668,5.0
-3.5027682781219482,2.0
-1.5721763372421265,1.0
4.518388271331787,10.0
6.633408069610596,1.0
3.2413625717163086,1.0
1.2614688873291016,1.0
7.117979049682617,3.0
0.583064079284668,2.0
2.8492019176483154,1.0
6.456624984741211,4.0
8.280801773071289,9.0
-0.5739381909370422,1.0
6.279902458190918,2.0
4.6646037101745605,2.0
-0.03331814333796501,1.0
1.8310747146606445,3.0
6.309346675872803,1.0
7.117979049682617,7.0
7.117979049682617,28.0
-0.43534359335899353,1.0
0.583064079284668,2.0
0.583064079284668,1.0
1.6312886476516724,1.0
1.0223079919815063,2.0
3.035437822341919,1.0
0.7961902618408203,1.0
1.0378037691116333,1.0
0.7961902618408203,1.0
8.280801773071289,14.999999999999998
5.515122413635254,2.0
1.8310747146606445,2.0
7.442353248596191,2.0
6.603941440582275,9.0
6.456624984741211,1.0
3.834761619567871,6.0
1.6027848720550537,4.0
6.603941440582275,5.0
8.280801773071289,6.0
0.3582448363304138,1.0
6.5708136558532715,12.0
7.442353248596191,2.0
0.47056278586387634,3.0
6.279902458190918,1.0
-0.29038357734680176,1.0
7.442353248596191,4.0
5.351359844207764,14.999999999999998
6.279902458190918,19.0
3.2830212116241455,1.0
6.4235029220581055,2.0
6.456624984741211,1.0
8.280801773071289,4.0
0.5267983675003052,1.0
0.6836313605308533,2.0
1.4162236452102661,1.0
1.2614688873291016,5.0
8.280801773071289,5.0
7.117979049682617,94.0
0.7961902618408203,4.0
6.279902458190918,7.0
-0.2130199819803238,2.0
7.543734550476074,4.0
-0.2130199819803238,3.0
6.1584696769714355,1.0
-1.0000500679016113,1.0
4.811201572418213,3.0
0.8244228959083557,2.0
7.956555366516113,16.0
7.471843242645264,11.0
7.573225498199463,14.0
7.956555366516113,17.0
-0.06122638285160065,1.0
1.6027848720550537,2.0
3.2957112789154053,1.0
4.635351181030273,3.0
6.675782680511475,2.0
8.133434295654297,1.0
6.456624984741211,1.0
7.956555366516113,3.0
1.0756529569625854,1.0
7.117979049682617,76.0
-0.2130199819803238,2.0
1.6027848720550537,5.0
-1.0550388097763062,1.0
0.21806512773036957,1.0
7.442353248596191,1.0
0.8244228959083557,4.0
6.633408069610596,4.0
7.897588729858398,26.0
4.213558197021484,1.0
7.442353248596191,5.0
4.4891581535339355,2.0
3.834761619567871,1.0
-0.2130199819803238,1.0
4.957398414611816,2.0
8.280801773071289,5.0
-6.097737789154053,5.0
6.603941440582275,9.0
7.294905185699463,2.0
6.633408069610596,1.0
4.869515895843506,1.0
-0.07368014752864838,1.0
8.133434295654297,10.0
7.160375595092773,1.0
-3.1617844104766846,1.0
5.766763210296631,1.0
-0.7644820213317871,1.0
0.583064079284668,2.0
-1.0000500679016113,1.0
7.117979049682617,3.0
4.7526535987854,3.0
4.138829231262207,8.0
3.1671769618988037,1.0
6.705255508422852,1.0
3.254051923751831,1.0
6.279902458190918,7.0
2.9484808444976807,2.0
-0.43534359335899353,1.0
7.442353248596191,1.0
6.603941440582275,1.0
6.633408069610596,1.0
5.893624782562256,2.0
6.603941440582275,3.0
7.3078179359436035,4.0
7.956555366516113,10.0
1.6027848720550537,3.0
6.603941440582275,1.0
7.471843242645264,5.0
6.855861186981201,6.0
4.869515895843506,5.0
7.442353248596191,1.0
3.254051923751831,1.0
6.603941440582275,1.0
1.6312886476516724,4.0
7.189864635467529,7.0
0.5267983675003052,1.0
0.583064079284668,1.0
8.280801773071289,29.999999999999996
3.134465456008911,2.0
4.6646037101745605,1.0
4.6646037101745605,5.0
0.583064079284668,2.0
3.9057202339172363,7.0
0.47056278586387634,7.0
0.21806512773036957,2.0
-0.2130199819803238,2.0
7.294905185699463,2.0
6.603941440582275,5.0
5.351359844207764,59.0
7.471843242645264,1.0
6.279902458190918,21.0
0.4424617886543274,1.0
8.280801773071289,5.0
5.38071870803833,12.0
0.3582448363304138,1.0
4.576861381530762,2.0
7.412863254547119,1.0
0.5267983675003052,1.0
8.251330375671387,1.0
0.583064079284668,5.0
4.518220901489258,5.0
6.099599361419678,2.0
6.279902458190918,1.0
-0.2130199819803238,1.0
7.986038684844971,4.0
7.956555366516113,1.0
7.10786247253418,3.0
1.6027848720550537,4.0
-3.188289165496826,2.0
7.248839855194092,4.0
4.239364147186279,1.0
8.280801773071289,5.0
7.986038684844971,3.0
7.661694049835205,3.0
-3.1736419200897217,1.0
4.898805618286133,1.0
7.471843242645264,2.0
-0.0021734056062996387,1.0
4.080503940582275,2.0
-0.29038357734680176,4.0
6.633408069610596,2.0
0.583064079284668,2.0
1.2047101259231567,3.0
4.9867072105407715,1.0
7.956555366516113,12.0
8.280801773071289,2.0
4.6646037101745605,5.0
6.823155879974365,1.0
5.8348002433776855,1.0
-0.35205087065696716,1.0
7.6944122314453125,36.0
7.412863254547119,1.0
3.7474851608276367,5.0
6.3222455978393555,8.0
7.956555366516113,24.0
3.4115068912506104,5.0
8.280801773071289,1.0
7.956555366516113,6.0
7.868103981018066,1.0
-2.4145195484161377,2.0
7.117979049682617,2.0
5.796164035797119,1.0
0.7397748231887817,2.0
3.8638622760772705,1.0
0.583064079284668,1.0
4.067755699157715,1.0
0.583064079284668,1.0
6.279902458190918,4.0
7.838619232177734,33.0
1.2614688873291016,1.0
4.213558197021484,4.0
4.898805618286133,2.0
6.279902458190918,4.0
1.6027848720550537,2.0
-0.18516422808170319,2.0
0.583064079284668,1.0
3.328291893005371,1.0
-2.922595977783203,1.0
7.147465229034424,3.0
