predicted,real
7.660145282745361,2.0
5.340289115905762,2.0
4.857879161834717,1.0
7.660145282745361,2.0
4.027573108673096,1.0
7.951035976409912,22.0
8.015727996826172,5.0
8.134325981140137,14.999999999999998
2.742063283920288,1.0
3.1979620456695557,2.0
7.552332878112793,1.0
8.134325981140137,4.0
8.015727996826172,7.0
7.186039924621582,1.0
3.66582989692688,3.0
14.229938507080078,12.0
5.243691921234131,2.0
5.458385467529297,1.0
3.1765005588531494,1.0
10.586420059204102,3.0
8.080418586730957,12.0
2.731463670730591,2.0
5.41543436050415,1.0
4.861595630645752,1.0
3.66582989692688,4.0
8.015727996826172,2.0
7.196819305419922,2.0
7.99416446685791,26.0
7.089046955108643,1.0
7.186039924621582,1.0
7.541553020477295,14.999999999999998
7.0998215675354,2.0
7.071229934692383,1.0
5.877246856689453,5.0
8.015727996826172,83.0
7.660145282745361,6.0
7.196819305419922,1.0
5.65152645111084,3.0
7.541553020477295,76.0
7.660145282745361,18.0
5.007721424102783,1.0
7.186039924621582,1.0
8.015727996826172,2.0
5.644110202789307,1.0
7.541553020477295,12.0
8.134325981140137,5.0
7.067492961883545,5.0
6.582497596740723,5.0
7.670925140380859,2.0
7.541553020477295,10.0
5.931007385253906,1.0
2.7736241817474365,8.0
8.080418586730957,9.0
5.179103851318359,7.0
2.329617977142334,1.0
3.6445255279541016,3.0
1.6031149625778198,1.0
8.134325981140137,1.0
5.479651927947998,2.0
2.276838779449463,1.0
3.1979620456695557,1.0
7.606237411499023,7.0
7.541553020477295,7.0
3.240246534347534,1.0
11.989706993103027,1.0
2.065701484680176,3.0
3.1979620456695557,3.0
7.660145282745361,3.0
7.433749675750732,2.0
7.660145282745361,2.0
3.208580255508423,1.0
3.2827646732330322,2.0
7.1321539878845215,1.0
8.080418586730957,28.0
2.276838779449463,2.0
7.196819305419922,1.0
8.134325981140137,3.0
5.4366984367370605,1.0
2.7736241817474365,1.0
5.823487281799316,1.0
7.498430252075195,20.0
7.186039924621582,1.0
2.8160006999969482,3.0
8.134325981140137,6.0
2.8160006999969482,1.0
3.66582989692688,1.0
3.5480852127075195,1.0
6.55018949508667,1.0
4.900742053985596,1.0
5.801990032196045,3.0
6.916424751281738,10.0
7.186039924621582,1.0
7.854000568389893,1.0
5.479651927947998,1.0
3.2827646732330322,2.0
3.7143900394439697,1.0
3.2827646732330322,1.0
7.660145282745361,1.0
2.6783230304718018,2.0
8.015727996826172,29.999999999999996
7.1321539878845215,1.0
5.758995056152344,3.0
4.804309844970703,1.0
2.869002342224121,1.0
3.676490306854248,1.0
8.101981163024902,5.0
4.486862659454346,1.0
7.067492961883545,2.0
7.660145282745361,16.0
7.541553020477295,2.0
5.887992858886719,3.0
5.297349452972412,5.0
13.756720542907715,19.0
4.861595630645752,1.0
5.877246856689453,5.0
2.8160006999969482,1.0
7.196819305419922,2.0
1.2095189094543457,1.0
1.1467714309692383,2.0
6.916634559631348,1.0
8.134325981140137,9.0
3.676490306854248,1.0
5.877246856689453,1.0
8.134325981140137,5.0
7.358079433441162,1.0
5.2971415519714355,2.0
0.6879420876502991,3.0
3.66582989692688,2.0
6.938185214996338,1.0
7.5307722091674805,2.0
4.94360876083374,1.0
8.015727996826172,10.0
7.606237411499023,21.0
7.26127815246582,1.0
3.240246534347534,3.0
2.1078593730926514,1.0
2.0867769718170166,1.0
5.41543436050415,1.0
3.5167572498321533,3.0
7.660145282745361,1.0
2.7736241817474365,1.0
8.834165573120117,3.0
8.134325981140137,2.0
5.801990032196045,2.0
7.067492961883545,14.999999999999998
4.322543144226074,1.0
7.972601890563965,6.0
7.067492961883545,1.0
7.067492961883545,1.0
7.390629291534424,3.0
3.538038969039917,6.0
8.134325981140137,5.0
2.879594564437866,3.0
3.2827646732330322,3.0
6.927408218383789,2.0
6.528867244720459,3.0
12.624348640441895,1.0
3.197749614715576,3.0
3.240246534347534,5.0
7.606237411499023,7.0
2.1605710983276367,1.0
7.186039924621582,5.0
2.329617977142334,1.0
7.379849433898926,4.0
8.134325981140137,5.0
1.498186707496643,2.0
4.643679141998291,1.0
2.350738525390625,1.0
5.007721424102783,2.0
7.606237411499023,12.0
3.2827646732330322,1.0
2.7630324363708496,1.0
8.134325981140137,1.0
3.2827646732330322,1.0
7.606237411499023,2.0
8.12354564666748,10.0
3.1446406841278076,2.0
2.731463670730591,1.0
7.272055625915527,2.0
8.080418586730957,3.0
3.240246534347534,6.0
7.660145282745361,7.0
6.593688011169434,1.0
7.067492961883545,2.0
5.071848392486572,1.0
3.070535659790039,2.0
7.196819305419922,1.0
7.8216552734375,3.0
6.712162971496582,1.0
7.186039924621582,2.0
8.015727996826172,17.0
7.660145282745361,2.0
3.5904674530029297,2.0
1.1467714309692383,1.0
8.080418586730957,10.0
5.769739151000977,1.0
7.660145282745361,1.0
4.204991817474365,1.0
5.8724846839904785,1.0
7.907909870147705,3.0
2.350738525390625,1.0
6.916424751281738,4.0
3.1979620456695557,2.0
8.015727996826172,16.0
7.541553020477295,11.0
7.649362564086914,1.0
8.080418586730957,6.0
6.744053363800049,3.0
3.1979620456695557,1.0
5.834238529205322,2.0
8.037291526794434,4.0
7.606237411499023,6.0
2.7736241817474365,5.0
5.31881856918335,2.0
5.801990032196045,1.0
5.65152645111084,4.0
3.66582989692688,3.0
5.114955902099609,1.0
8.134325981140137,4.0
8.015727996826172,8.0
7.067492961883545,1.0
6.561172962188721,1.0
7.99416446685791,8.0
7.067492961883545,5.0
7.1321539878845215,1.0
3.240246534347534,3.0
7.541553020477295,77.0
3.2827646732330322,2.0
5.931007385253906,2.0
6.238215923309326,2.0
3.1979620456695557,1.0
7.067492961883545,19.0
11.081719398498535,3.0
7.541553020477295,6.0
2.8160006999969482,1.0
7.067492961883545,2.0
7.078269004821777,1.0
5.834238529205322,1.0
3.240246534347534,1.0
8.134325981140137,3.0
3.1979620456695557,3.0
5.801990032196045,2.0
7.886346340179443,13.0
3.2827646732330322,3.0
7.541553020477295,12.0
7.660145282745361,6.0
7.660145282745361,6.0
3.197749614715576,1.0
8.134325981140137,3.0
7.670925140380859,5.0
3.66582989692688,3.0
7.552332878112793,3.0
2.7736241817474365,1.0
7.660145282745361,1.0
7.660145282745361,8.0
7.196819305419922,1.0
0.09638597816228867,1.0
4.390815734863281,1.0
7.541553020477295,4.0
3.66582989692688,1.0
7.660145282745361,1.0
3.66582989692688,1.0
5.41543436050415,1.0
3.66582989692688,4.0
7.5846757888793945,4.0
7.972601890563965,9.0
7.541553020477295,8.0
0.2413484901189804,3.0
13.746173858642578,3.0
5.909501075744629,2.0
4.932894706726074,1.0
3.1446406841278076,1.0
7.660145282745361,3.0
3.1446406841278076,2.0
5.1040191650390625,10.0
8.080418586730957,17.0
3.2827646732330322,1.0
2.8160006999969482,2.0
6.679426193237305,2.0
3.197749614715576,3.0
6.270503044128418,1.0
7.541553020477295,7.0
3.676490306854248,1.0
4.237254619598389,1.0
7.972601413726807,6.0
3.282762050628662,9.0
7.660145282745361,5.0
