predicted,real
8.257330894470215,1.0
2.4254989624023438,2.0
1.9798861742019653,5.0
7.573204040527344,8.0
1.3723582029342651,1.0
7.573204040527344,5.0
7.535427570343018,10.0
7.573204040527344,10.0
1.103772759437561,2.0
4.553613662719727,2.0
7.573204040527344,5.0
7.501240253448486,2.0
9.300339698791504,3.0
3.6089470386505127,1.0
2.004732847213745,1.0
4.556939601898193,1.0
7.916147708892822,1.0
2.004732847213745,1.0
4.803337097167969,1.0
7.953762054443359,2.0
1.9798861742019653,2.0
4.803337097167969,1.0
1.1949716806411743,2.0
1.5208289623260498,1.0
7.195132732391357,1.0
1.1949716806411743,9.0
7.844443321228027,2.0
10.533623695373535,43.0
7.501240253448486,5.0
5.092671871185303,1.0
8.257330894470215,5.0
7.916147708892822,1.0
7.573204040527344,9.0
7.916147708892822,8.0
2.004732847213745,1.0
7.573204040527344,1.0
8.595907211303711,1.0
1.2730411291122437,1.0
7.573204040527344,5.0
10.533623695373535,11.0
5.092671871185303,1.0
1.9798861742019653,1.0
6.666152000427246,14.0
7.157309532165527,28.0
1.9798861742019653,5.0
2.4555118083953857,2.0
7.844443321228027,2.0
2.21152925491333,3.0
10.533623695373535,8.0
7.195132732391357,5.0
7.009639263153076,3.0
8.257330894470215,1.0
0.9674131274223328,1.0
1.415305495262146,1.0
1.392770767211914,2.0
6.252603054046631,4.0
4.973787784576416,2.0
4.334826946258545,14.0
11.603718757629395,14.999999999999998
8.294698715209961,1.0
5.886685848236084,3.0
11.83508586883545,2.0
4.662081241607666,1.0
1.392770767211914,1.0
7.573204040527344,6.0
7.573204040527344,2.0
2.159506320953369,2.0
2.21152925491333,3.0
1.3723582029342651,1.0
7.878511428833008,1.0
5.550793647766113,5.0
1.9798861742019653,3.0
6.519043922424316,5.0
7.501240253448486,19.0
2.21152925491333,3.0
7.38423490524292,44.0
4.345532417297363,3.0
7.501240253448486,5.0
8.257330894470215,2.0
1.1949716806411743,2.0
7.844443321228027,4.0
1.9798861742019653,3.0
7.844443321228027,2.0
4.208510398864746,3.0
1.1579506397247314,1.0
1.5642309188842773,1.0
2.004732847213745,1.0
1.9306693077087402,3.0
11.863032341003418,5.0
0.5765437483787537,1.0
5.092671871185303,1.0
7.38423490524292,6.0
2.21152925491333,1.0
4.981523036956787,1.0
7.844443321228027,5.0
2.004732847213745,2.0
4.039269924163818,1.0
6.934035778045654,1.0
2.5525472164154053,6.0
8.257330894470215,1.0
7.315803527832031,1.0
8.257330894470215,1.0
7.573204040527344,6.0
5.309816837310791,4.0
4.208510398864746,3.0
7.916147708892822,3.0
1.103772759437561,3.0
4.910037994384766,3.0
7.157309532165527,83.0
2.933295965194702,1.0
11.603718757629395,4.0
4.072925090789795,3.0
7.157309532165527,10.0
1.9306693077087402,1.0
7.157309532165527,24.0
1.2925450801849365,8.0
7.573204040527344,2.0
1.103772759437561,1.0
1.103772759437561,2.0
7.844443321228027,4.0
7.844443321228027,7.0
7.501240253448486,10.0
1.9522216320037842,2.0
7.501240253448486,7.0
6.140355587005615,11.0
2.21152925491333,5.0
4.57767391204834,2.0
7.009639263153076,11.0
1.1949716806411743,2.0
6.817100524902344,7.0
7.916147708892822,6.0
6.628452777862549,4.0
7.916147708892822,2.0
1.3947093486785889,2.0
6.934035778045654,3.0
7.573204040527344,3.0
7.573204040527344,1.0
1.103772759437561,1.0
1.1949716806411743,1.0
1.0512604713439941,1.0
2.21152925491333,1.0
7.573204040527344,4.0
0.4042617976665497,1.0
1.1949716806411743,1.0
8.632940292358398,1.0
8.257330894470215,2.0
2.2377727031707764,3.0
7.727780342102051,1.0
6.779344081878662,1.0
1.7351326942443848,4.0
0.9674131274223328,3.0
2.2377727031707764,1.0
7.573204040527344,3.0
7.916147708892822,4.0
7.391434192657471,2.0
1.2730411291122437,2.0
4.208510398864746,5.0
7.501240253448486,2.0
6.215155601501465,2.0
3.9055593013763428,3.0
4.756900310516357,3.0
4.4384050369262695,19.0
7.916147708892822,14.0
8.595907211303711,1.0
7.916147708892822,1.0
0.3256794512271881,1.0
7.878511428833008,9.0
7.573204040527344,2.0
7.844443321228027,7.0
2.2377727031707764,4.0
8.257330894470215,1.0
7.727780342102051,32.0
1.3723582029342651,2.0
7.916147708892822,5.0
6.17773962020874,7.0
2.21152925491333,1.0
1.9798861742019653,1.0
1.9745357036590576,1.0
7.387835502624512,3.0
1.1579506397247314,1.0
2.159506320953369,1.0
7.727780342102051,6.0
7.5767998695373535,1.0
6.971834659576416,5.0
7.573204040527344,4.0
6.862062931060791,2.0
7.916147708892822,2.0
1.392770767211914,2.0
7.3500213623046875,1.0
1.3723582029342651,2.0
1.3723582029342651,1.0
0.8430307507514954,2.0
7.652318000793457,4.0
8.446840286254883,36.0
7.573204040527344,4.0
1.1949716806411743,1.0
7.727780342102051,10.0
1.2925450801849365,1.0
1.3723582029342651,1.0
5.40084981918335,12.0
4.6236162185668945,4.0
1.4761037826538086,1.0
4.208510398864746,2.0
5.796655654907227,2.0
7.501240253448486,20.0
8.257330894470215,3.0
7.573204040527344,1.0
7.157309532165527,232.0
5.152781963348389,1.0
1.1579506397247314,3.0
8.294698715209961,1.0
7.38423490524292,10.0
7.38423490524292,27.0
7.573204040527344,4.0
6.072789192199707,1.0
1.1949716806411743,1.0
8.070036888122559,1.0
7.157309532165527,2.0
6.862062931060791,1.0
2.1748836040496826,2.0
7.46344518661499,2.0
1.3723582029342651,4.0
2.091939687728882,2.0
7.195132732391357,1.0
1.689183235168457,2.0
11.863032341003418,3.0
4.6236162185668945,4.0
7.916147708892822,1.0
7.844443321228027,10.0
7.916147708892822,4.0
11.429430961608887,4.0
7.878511428833008,2.0
8.257330894470215,5.0
1.1949716806411743,2.0
4.208510398864746,4.0
1.1949716806411743,2.0
12.110692977905273,1.0
2.21152925491333,1.0
2.5408613681793213,2.0
7.916147708892822,1.0
1.3723582029342651,2.0
7.573204040527344,14.0
1.2730411291122437,2.0
7.727780342102051,2.0
7.916147708892822,1.0
7.081667423248291,26.0
0.951184868812561,2.0
7.501240253448486,7.0
7.006040573120117,1.0
7.501240253448486,8.0
7.844443321228027,1.0
7.727780342102051,12.0
0.30474719405174255,1.0
4.483922481536865,2.0
1.3723582029342651,1.0
10.830716133117676,14.999999999999998
4.146999359130859,1.0
7.501240253448486,3.0
7.157309532165527,2.0
4.24263334274292,3.0
0.4367470443248749,1.0
7.38423490524292,28.0
1.2730411291122437,1.0
1.103772759437561,1.0
1.1949716806411743,1.0
7.006040573120117,1.0
6.93043851852417,22.0
7.610970497131348,1.0
3.9055593013763428,7.0
7.501240253448486,1.0
7.501240253448486,50.0
7.5390238761901855,4.0
0.7868004441261292,2.0
7.535427570343018,2.0
3.390183210372925,1.0
1.1949716806411743,2.0
8.257330894470215,3.0
8.257330894470215,7.0
6.666152000427246,14.0
2.100144863128662,2.0
1.1949716806411743,2.0
7.844443321228027,1.0
6.934035778045654,4.0
1.1216620206832886,3.0
7.006041049957275,8.0
0.903709352016449,7.0
2.2377705574035645,4.0
