predicted,real
6.2248215675354,1.0
7.767634868621826,1.0
5.889895439147949,1.0
5.213642597198486,2.0
4.369508743286133,1.0
5.707916736602783,2.0
8.225765228271484,5.0
4.924424648284912,2.0
6.897633075714111,1.0
4.846832752227783,59.0
6.307762145996094,29.999999999999996
6.307762145996094,12.0
8.225765228271484,2.0
6.307762145996094,2.0
4.924424648284912,1.0
8.059229850769043,1.0
5.491395473480225,3.0
7.2405266761779785,1.0
7.20411491394043,9.0
7.205900192260742,1.0
5.385681629180908,1.0
5.5842766761779785,2.0
4.393388748168945,1.0
5.481937408447266,1.0
7.290527820587158,2.0
5.213642597198486,1.0
7.648159503936768,1.0
6.307762145996094,1.0
7.20411491394043,6.0
8.042573928833008,7.0
6.307762145996094,5.0
7.429440021514893,1.0
6.2248215675354,3.0
7.290527820587158,2.0
6.145712852478027,3.0
5.020198822021484,1.0
4.042427062988281,2.0
7.290527820587158,1.0
6.4022297859191895,1.0
5.6577253341674805,2.0
4.393388748168945,5.0
6.301225662231445,1.0
5.919610023498535,1.0
5.563481330871582,1.0
7.698694229125977,2.0
6.618549823760986,2.0
6.5142436027526855,2.0
6.404165744781494,6.0
8.2091703414917,1.0
8.042573928833008,9.0
8.366479873657227,4.0
8.12586784362793,4.0
6.2887396812438965,10.0
5.5842766761779785,35.0
6.307762145996094,6.0
8.225765228271484,1.0
7.20411491394043,1.0
6.2529401779174805,1.0
6.307762145996094,1.0
6.518121242523193,1.0
5.213642597198486,2.0
4.924424648284912,2.0
6.5142436027526855,232.0
7.39351224899292,1.0
7.39351224899292,14.0
7.39351224899292,2.0
5.437589645385742,4.0
6.301225662231445,5.0
7.4617767333984375,5.0
6.4789838790893555,1.0
6.307762145996094,1.0
5.687446594238281,1.0
5.3215837478637695,1.0
7.037384510040283,16.0
5.481937408447266,4.0
6.480902194976807,1.0
6.869985580444336,2.0
6.309718132019043,2.0
5.213642597198486,1.0
6.404165744781494,1.0
5.544787883758545,1.0
6.697857856750488,3.0
6.495672702789307,4.0
6.588133811950684,5.0
4.440986633300781,1.0
8.042573928833008,6.0
6.752241611480713,2.0
6.2248215675354,1.0
7.267350673675537,2.0
9.040316581726074,1.0
7.39351224899292,12.0
5.333377838134766,2.0
6.439728736877441,5.0
5.881631851196289,9.0
6.2248215675354,1.0
8.225765228271484,10.0
8.384860038757324,2.0
5.300108909606934,5.0
6.588133811950684,6.0
7.161612033843994,1.0
7.349827766418457,8.0
6.307762145996094,4.0
6.5142436027526855,6.0
5.213642597198486,1.0
6.645043849945068,2.0
7.163405418395996,1.0
5.909860134124756,1.0
6.495672702789307,3.0
9.228400230407715,1.0
6.307762145996094,6.0
4.369508743286133,1.0
7.091814994812012,2.0
4.262554168701172,3.0
5.385681629180908,1.0
5.491395473480225,8.0
6.307762145996094,4.0
4.042427062988281,1.0
6.6715168952941895,2.0
6.608405590057373,1.0
8.175868034362793,1.0
6.726049423217773,2.0
8.059229850769043,1.0
5.5842766761779785,2.0
5.385681629180908,1.0
9.038566589355469,1.0
7.631284236907959,2.0
6.5142436027526855,6.0
5.46984338760376,2.0
7.497610569000244,3.0
4.369508743286133,2.0
9.006311416625977,2.0
6.534680366516113,1.0
5.194123268127441,3.0
6.307762145996094,5.0
6.307762145996094,12.0
7.20411491394043,1.0
5.256985187530518,1.0
7.4788007736206055,1.0
7.614398956298828,3.0
6.046664237976074,5.0
5.502942085266113,1.0
7.205900192260742,2.0
7.256027698516846,5.0
6.307762145996094,2.0
8.042573928833008,1.0
8.870756149291992,1.0
6.5142436027526855,24.0
7.39351224899292,14.0
6.480902194976807,1.0
8.042573928833008,3.0
6.106876373291016,7.0
6.2248215675354,1.0
7.39351224899292,9.0
8.225765228271484,2.0
6.307762145996094,6.0
8.042573928833008,2.0
5.969886302947998,1.0
7.631284236907959,3.0
6.716020584106445,4.0
8.042573928833008,5.0
7.1285624504089355,1.0
7.51454496383667,1.0
7.290527820587158,2.0
7.412364959716797,1.0
6.404165744781494,1.0
5.5842766761779785,7.0
8.12586784362793,1.0
7.126764297485352,1.0
7.9258341789245605,2.0
6.263111591339111,1.0
4.440986633300781,3.0
6.261143207550049,1.0
7.39351224899292,12.0
6.2248215675354,1.0
5.7508111000061035,1.0
7.161612033843994,4.0
6.5142436027526855,26.0
6.689730644226074,1.0
5.333377838134766,1.0
6.263111591339111,3.0
7.883160591125488,5.0
8.919787406921387,3.0
6.048271656036377,1.0
4.369508743286133,1.0
7.6894330978393555,10.0
5.213642597198486,3.0
5.5842766761779785,1.0
7.290527820587158,32.0
6.4022297859191895,6.0
8.12586784362793,1.0
7.83297061920166,5.0
7.290527820587158,12.0
6.3496317863464355,2.0
6.3306450843811035,2.0
7.4617767333984375,3.0
5.3215837478637695,1.0
6.5142436027526855,8.0
6.307762145996094,3.0
7.20411491394043,6.0
6.2248215675354,1.0
7.395271301269531,1.0
8.042573928833008,1.0
5.331165313720703,4.0
5.213642597198486,3.0
6.788327693939209,3.0
8.885956764221191,5.0
5.646334648132324,3.0
7.20411491394043,14.0
7.20411491394043,3.0
6.261143207550049,1.0
7.333024024963379,5.0
9.09908390045166,2.0
6.608405590057373,5.0
5.7508111000061035,2.0
5.903738975524902,5.0
7.118965148925781,1.0
6.307762145996094,2.0
7.186761856079102,4.0
4.393388748168945,3.0
5.502942085266113,3.0
7.39351224899292,6.0
6.307762145996094,4.0
5.901617527008057,13.0
6.404165744781494,1.0
6.2248215675354,2.0
5.753656387329102,1.0
6.553167819976807,4.0
7.39351224899292,13.0
6.923431873321533,3.0
5.502942085266113,2.0
7.20411491394043,1.0
5.213642597198486,1.0
8.225765228271484,1.0
7.429490089416504,1.0
5.213642597198486,1.0
7.1285624504089355,1.0
7.20411491394043,2.0
6.307762145996094,12.0
5.921553611755371,3.0
6.534680366516113,2.0
8.009273529052734,1.0
6.307762145996094,5.0
7.22144079208374,1.0
5.256985187530518,1.0
7.39351224899292,1.0
7.816217422485352,2.0
5.331165313720703,1.0
5.6987738609313965,7.0
5.213642597198486,1.0
8.042573928833008,1.0
7.631284236907959,3.0
7.290527820587158,1.0
5.437589645385742,5.0
6.2248215675354,1.0
5.300108909606934,6.0
5.502942085266113,1.0
6.957405090332031,6.0
5.194123268127441,1.0
5.213642597198486,1.0
7.20411491394043,18.0
8.025897979736328,1.0
7.186761856079102,1.0
5.544787883758545,2.0
5.481937408447266,1.0
5.687446594238281,1.0
6.752241611480713,14.0
7.39351224899292,11.0
6.968647003173828,1.0
7.22144079208374,2.0
8.225765228271484,2.0
6.320215225219727,2.0
8.225765228271484,1.0
5.416417598724365,1.0
6.307762145996094,1.0
4.393388748168945,1.0
5.869879722595215,1.0
5.3215837478637695,1.0
5.502942085266113,1.0
5.502942085266113,1.0
5.950064659118652,1.0
6.2248215675354,1.0
7.039196014404297,3.0
7.20411491394043,4.0
9.530843734741211,2.0
7.39351224899292,8.0
6.966822624206543,2.0
8.633666038513184,2.0
