predicted,real
4.150302886962891,1.0
1.719101905822754,1.0
3.8112659454345703,2.0
3.263831377029419,1.0
1.6757309436798096,1.0
2.1446237564086914,4.0
5.300952911376953,1.0
6.341335773468018,2.0
4.025571346282959,16.0
1.5418944358825684,14.999999999999998
3.8621041774749756,4.0
6.600072383880615,1.0
1.4456079006195068,1.0
4.689501762390137,3.0
5.337793350219727,2.0
3.56501841545105,9.0
2.1446237564086914,76.0
4.9001383781433105,1.0
3.6070871353149414,10.0
3.56501841545105,5.0
1.8888577222824097,1.0
1.371545433998108,2.0
-0.2660232484340668,4.0
0.2157602608203888,2.0
1.6685943603515625,4.0
3.56501841545105,1.0
1.625191330909729,1.0
1.6685943603515625,7.0
6.887247085571289,8.0
0.2157602608203888,2.0
3.56501841545105,17.0
3.610541582107544,1.0
5.099508762359619,1.0
4.025571346282959,19.0
3.56501841545105,2.0
5.099508762359619,1.0
3.613994836807251,2.0
3.263831377029419,1.0
3.983910083770752,5.0
4.484347820281982,2.0
2.9238836765289307,1.0
-0.5654053688049316,2.0
3.56501841545105,3.0
1.6685943603515625,1.0
5.660281658172607,2.0
0.2157602608203888,10.0
1.6685943603515625,2.0
3.9456326961517334,3.0
6.389764785766602,1.0
5.180239200592041,1.0
4.025571346282959,8.0
4.1917924880981445,6.0
3.56501841545105,4.0
-0.2150326818227768,2.0
4.1917924880981445,5.0
5.099508762359619,2.0
3.8202784061431885,1.0
5.099508762359619,1.0
4.274640083312988,22.0
1.6685943603515625,1.0
-0.2660232484340668,1.0
4.566553115844727,1.0
2.6640257835388184,1.0
2.1446237564086914,5.0
-0.047015391290187836,2.0
2.061821699142456,1.0
2.7460885047912598,1.0
5.242196559906006,3.0
5.300952911376953,1.0
4.893459320068359,1.0
3.263831377029419,2.0
4.025571346282959,12.0
4.607578754425049,1.0
2.1446237564086914,11.0
3.774970769882202,6.0
1.4456079006195068,1.0
2.2379508018493652,2.0
5.099508762359619,2.0
3.983910083770752,3.0
1.8853015899658203,44.0
5.1769280433654785,2.0
0.5528742074966431,1.0
5.431606292724609,13.0
-0.2660232484340668,1.0
6.555383205413818,10.0
-0.30983805656433105,1.0
3.263831377029419,1.0
0.13177970051765442,1.0
-0.2660232484340668,1.0
1.6685943603515625,11.0
4.771228313446045,3.0
5.8558430671691895,1.0
3.9456326961517334,1.0
0.2157602608203888,5.0
3.610541582107544,3.0
4.112180709838867,3.0
4.11559534072876,1.0
3.56501841545105,14.999999999999998
1.8853015899658203,1.0
-0.047015391290187836,2.0
4.4809675216674805,2.0
2.1446237564086914,7.0
3.5138378143310547,1.0
1.6685943603515625,2.0
3.56501841545105,1.0
-0.2660232484340668,5.0
3.5229105949401855,1.0
-0.2660232484340668,1.0
5.015244960784912,5.0
0.2157602608203888,4.0
1.4456079006195068,2.0
3.56501841545105,12.0
1.6685943603515625,3.0
0.2157602608203888,7.0
3.774970769882202,3.0
4.7303876876831055,9.0
5.620563983917236,1.0
3.263831377029419,1.0
2.1446237564086914,10.0
3.613994836807251,1.0
0.12817715108394623,1.0
5.099508762359619,1.0
3.6070871353149414,1.0
3.263831377029419,1.0
4.058234214782715,1.0
0.7407631278038025,1.0
1.625191330909729,2.0
4.025571346282959,71.0
4.525472164154053,4.0
5.213916301727295,3.0
6.048000335693359,14.999999999999998
-0.30983805656433105,1.0
5.099508762359619,1.0
3.5138378143310547,4.0
5.099508762359619,1.0
5.260767459869385,3.0
3.484226942062378,9.0
-0.30983805656433105,2.0
3.4420459270477295,1.0
3.8112659454345703,1.0
5.525847911834717,4.0
1.719101905822754,2.0
1.6685943603515625,1.0
1.715540885925293,6.0
2.1446237564086914,13.0
3.263831377029419,2.0
3.263831377029419,1.0
1.719101905822754,1.0
2.1446237564086914,14.0
4.1917924880981445,33.0
-0.30983805656433105,3.0
-0.047015391290187836,4.0
1.8853015899658203,12.0
3.613994836807251,7.0
1.4984430074691772,1.0
3.4329586029052734,8.0
1.719101905822754,1.0
1.6685943603515625,2.0
2.2379508018493652,1.0
-0.2660232484340668,1.0
1.6685943603515625,1.0
5.099508762359619,2.0
3.6525685787200928,1.0
-0.2660232484340668,16.0
3.774970769882202,26.0
3.613994836807251,1.0
3.221458911895752,2.0
5.0590643882751465,2.0
1.6685943603515625,9.0
6.246252059936523,1.0
2.1446237564086914,9.0
-0.2660232484340668,9.0
0.2157602608203888,21.0
-0.30983805656433105,3.0
0.2157602608203888,7.0
4.974698066711426,4.0
2.1050117015838623,2.0
10.233622550964355,3.0
3.613994836807251,1.0
2.3170156478881836,3.0
2.7888333797454834,1.0
1.5418944358825684,1.0
1.8057994842529297,2.0
4.025571346282959,13.0
3.5719316005706787,1.0
7.149166584014893,14.999999999999998
3.610541582107544,1.0
3.613994836807251,7.0
4.680688381195068,2.0
1.8853015899658203,21.0
3.484226942062378,1.0
-0.2660232484340668,2.0
3.348468780517578,3.0
6.67666482925415,2.0
1.715540885925293,1.0
5.180239200592041,1.0
4.11559534072876,5.0
3.774970769882202,5.0
-0.047015391290187836,4.0
1.6685943603515625,4.0
4.7536468505859375,5.0
1.6685943603515625,7.0
0.2157602608203888,7.0
5.099508762359619,2.0
4.1917924880981445,16.0
6.285090446472168,7.0
4.319393157958984,3.0
4.906591892242432,1.0
1.6685943603515625,2.0
1.8888577222824097,1.0
1.358597755432129,1.0
1.358597755432129,1.0
4.025571346282959,16.0
3.613994836807251,4.0
3.4420459270477295,1.0
1.719101905822754,1.0
4.070608139038086,1.0
2.877734422683716,1.0
4.812020778656006,2.0
3.56501841545105,5.0
0.2157602608203888,10.0
1.719101905822754,3.0
4.025571346282959,7.0
0.2157602608203888,2.0
5.806854724884033,1.0
3.4420459270477295,1.0
3.4420459270477295,2.0
0.2157602608203888,2.0
1.6685943603515625,8.0
5.003190517425537,2.0
3.56501841545105,4.0
1.3514580726623535,2.0
3.348468780517578,1.0
2.1446237564086914,14.999999999999998
-0.2660232484340668,1.0
0.2595455050468445,1.0
3.6070871353149414,6.0
0.48197105526924133,2.0
1.8853015899658203,10.0
1.719101905822754,2.0
4.137950420379639,9.0
1.6685943603515625,2.0
7.084478378295898,14.0
3.56501841545105,3.0
6.054440975189209,2.0
5.431606292724609,5.0
3.56501841545105,12.0
-0.2660232484340668,5.0
1.6685943603515625,4.0
4.025571346282959,7.0
2.36004900932312,8.0
5.620563983917236,1.0
2.1446237564086914,12.0
3.56501841545105,9.0
4.150302886962891,3.0
2.1446237564086914,12.0
3.4420459270477295,4.0
3.9038898944854736,1.0
5.099508762359619,2.0
5.300952911376953,1.0
4.319393157958984,7.0
-1.9822638034820557,1.0
1.371545433998108,1.0
0.2157602608203888,2.0
4.727034568786621,9.0
2.1446237564086914,7.0
1.8853015899658203,7.0
2.1877589225769043,2.0
-0.047015391290187836,1.0
5.099508762359619,2.0
2.2363340854644775,1.0
1.358597755432129,1.0
4.025571346282959,7.0
6.746743679046631,3.0
4.689501762390137,8.0
4.689501762390137,1.0
3.613994836807251,2.0
4.11559534072876,1.0
3.263831377029419,7.0
3.774970769882202,4.0
2.36004900932312,1.0
5.1769280433654785,1.0
3.5719316005706787,1.0
4.025571346282959,23.0
5.099508762359619,1.0
3.5650181770324707,1.0
8.843916893005371,5.0
