predicted,real
7.982356071472168,2.0
-3.8150475025177,9.0
3.110924482345581,1.0
3.5817222595214844,2.0
-0.9938938021659851,4.0
3.1486237049102783,2.0
-1.871575951576233,59.0
1.2009772062301636,2.0
8.059525489807129,9.0
7.982356071472168,17.0
3.1486237049102783,5.0
3.4164884090423584,1.0
0.6645973920822144,1.0
5.688159942626953,11.0
3.4508888721466064,2.0
5.835188388824463,1.0
5.870208740234375,2.0
3.2961931228637695,1.0
5.488765716552734,3.0
-6.461423397064209,1.0
3.4164884090423584,9.0
8.017434120178223,13.0
2.8133180141448975,3.0
5.688159942626953,3.0
7.982356071472168,9.0
5.688159942626953,6.0
0.9164605140686035,4.0
1.2009772062301636,1.0
5.793172359466553,1.0
7.982356071472168,3.0
5.723159313201904,7.0
3.4921844005584717,2.0
3.4096102714538574,1.0
7.982356071472168,4.0
5.859696388244629,2.0
8.059525489807129,14.0
7.975340366363525,3.0
-1.429439902305603,1.0
8.059525489807129,12.0
0.9088954925537109,1.0
2.861133337020874,1.0
6.094438076019287,9.0
5.688159942626953,1.0
3.4164884090423584,1.0
3.4508888721466064,3.0
5.765165328979492,10.0
5.688159942626953,1.0
5.688159942626953,2.0
-1.1125210523605347,1.0
5.688159942626953,16.0
5.723159313201904,3.0
3.114347219467163,1.0
2.8816330432891846,1.0
0.9088954925537109,2.0
-3.8150475025177,3.0
1.3209091424942017,1.0
0.9221451282501221,1.0
7.982356071472168,12.0
1.3743104934692383,2.0
3.2035064697265625,1.0
5.509746074676514,2.0
3.4921844005584717,5.0
1.1244808435440063,1.0
-1.159774661064148,1.0
0.6086366176605225,1.0
5.793172359466553,20.0
-3.5419998168945312,3.0
3.114347219467163,1.0
3.4164884090423584,5.0
0.9055939316749573,3.0
8.059525489807129,83.0
5.4677886962890625,5.0
-1.2038156986236572,1.0
5.723159313201904,2.0
1.7058329582214355,1.0
3.4921844005584717,2.0
8.017434120178223,10.0
1.4062652587890625,2.0
8.059525489807129,16.0
7.982356071472168,6.0
8.059525489807129,13.0
1.7461351156234741,1.0
-7.403515338897705,4.0
5.688159942626953,4.0
5.656659126281738,3.0
5.383902072906494,4.0
0.9088954925537109,1.0
3.4096102714538574,1.0
3.114347219467163,3.0
2.861133337020874,1.0
-1.1912364959716797,1.0
5.688159942626953,1.0
5.4677886962890625,4.0
7.982356071472168,2.0
8.0875825881958,1.0
5.446811676025391,2.0
0.9420099854469299,1.0
-3.80934476852417,2.0
2.8679661750793457,1.0
5.70565128326416,2.0
-5.269492149353027,1.0
3.141770601272583,1.0
0.9959560036659241,1.0
2.861133337020874,1.0
3.6437597274780273,2.0
5.786169528961182,1.0
3.114347219467163,5.0
3.4164884090423584,5.0
2.963691234588623,3.0
3.4164884090423584,2.0
0.9088954925537109,1.0
3.114347219467163,1.0
8.0875825881958,6.0
3.2000768184661865,1.0
3.1726391315460205,1.0
8.136678695678711,4.0
8.15070629119873,14.0
0.9950298070907593,1.0
7.982356071472168,5.0
3.4164884090423584,1.0
-3.7291860580444336,4.0
0.9420099854469299,1.0
3.4233641624450684,1.0
2.8679661750793457,5.0
3.4508888721466064,1.0
3.4336791038513184,1.0
8.185769081115723,3.0
5.765165328979492,7.0
0.9420099854469299,1.0
3.4921844005584717,2.0
5.765165328979492,12.0
3.4233641624450684,1.0
-2.9976041316986084,4.0
5.695158958435059,2.0
3.4096102714538574,1.0
5.723159313201904,12.0
0.9088954925537109,1.0
5.765165328979492,82.0
5.765165328979492,4.0
8.164730072021484,3.0
7.982356071472168,5.0
0.9088954925537109,1.0
0.6316837072372437,1.0
5.688159942626953,11.0
8.15070629119873,2.0
3.4921844005584717,2.0
3.114347219467163,4.0
1.3776533603668213,1.0
3.4921844005584717,4.0
3.4921844005584717,2.0
2.8679661750793457,3.0
7.982356071472168,14.999999999999998
5.793172359466553,3.0
5.880710601806641,2.0
2.861133337020874,4.0
3.1486237049102783,3.0
5.688159942626953,2.0
3.4508888721466064,5.0
3.145203113555908,1.0
3.4096102714538574,2.0
0.9022870063781738,1.0
3.114347219467163,2.0
3.4164884090423584,3.0
7.982356071472168,4.0
8.059525489807129,6.0
5.765165328979492,14.0
-1.1912364959716797,1.0
5.418848991394043,5.0
3.114347219467163,2.0
5.688159942626953,10.0
5.688159942626953,14.0
5.765165328979492,13.0
7.982356071472168,3.0
0.9950298070907593,1.0
5.765165328979492,3.0
6.006822109222412,5.0
6.325841426849365,4.0
1.6185811758041382,2.0
-5.826690673828125,1.0
8.059525489807129,232.0
0.6711852550506592,1.0
3.4921844005584717,1.0
5.681161880493164,5.0
3.4921844005584717,1.0
5.863204002380371,3.0
7.982356071472168,2.0
3.141770601272583,6.0
0.6645973920822144,4.0
3.2206614017486572,4.0
5.765165328979492,9.0
2.8679661750793457,7.0
5.70565128326416,1.0
5.383902072906494,4.0
5.488765716552734,7.0
7.982356071472168,1.0
3.4921844005584717,8.0
-2.980700969696045,1.0
0.9453204274177551,1.0
5.688159942626953,2.0
0.9188308715820312,1.0
5.495760440826416,3.0
3.8370189666748047,4.0
0.8923555612564087,1.0
3.4096102714538574,2.0
5.688159942626953,3.0
3.4508888721466064,1.0
3.114347219467163,1.0
5.796664714813232,2.0
3.4164884090423584,3.0
5.765165328979492,2.0
6.129489898681641,8.0
8.017434120178223,6.0
5.723159313201904,3.0
0.6711852550506592,3.0
8.017434120178223,4.0
-9.493410110473633,2.0
5.593683242797852,3.0
5.765165328979492,7.0
-7.156687259674072,5.0
5.4677886962890625,35.0
0.9088954925537109,2.0
0.9784524440765381,1.0
0.7008309960365295,2.0
5.751161575317383,1.0
3.141770601272583,6.0
3.4061646461486816,1.0
2.861133337020874,1.0
3.4990735054016113,1.0
0.9221451282501221,3.0
5.411857604980469,1.0
8.578216552734375,19.0
0.9032127857208252,1.0
5.796664714813232,1.0
5.765165328979492,2.0
1.3709770441055298,1.0
0.6711852550506592,1.0
7.982356071472168,6.0
5.663658142089844,3.0
8.227839469909668,1.0
5.765165328979492,10.0
3.4061646461486816,1.0
5.411857604980469,1.0
5.4677886962890625,5.0
5.4677886962890625,2.0
8.12966537475586,3.0
-1.2038156986236572,1.0
0.9353816509246826,8.0
3.2000768184661865,3.0
0.9387021660804749,1.0
7.982356071472168,2.0
-5.599918842315674,1.0
3.2103664875030518,2.0
0.9055939316749573,1.0
-0.7162743210792542,1.0
7.982356071472168,7.0
0.6645973920822144,3.0
3.4164884090423584,2.0
3.816293954849243,1.0
8.052510261535645,1.0
8.017434120178223,27.0
5.681161880493164,1.0
-1.429439902305603,1.0
5.688159942626953,2.0
7.982356071472168,1.0
3.4784152507781982,1.0
3.4508888721466064,4.0
3.258417844772339,2.0
3.128061532974243,1.0
8.178755760192871,9.0
3.114347219467163,1.0
3.4508755207061768,1.0
3.4921844005584717,2.0
0.9221451282501221,3.0
5.688159942626953,1.0
2.95001220703125,1.0
3.2790117263793945,2.0
5.4677886962890625,3.0
8.017434120178223,9.0
8.052510261535645,3.0
3.4921844005584717,5.0
5.835188388824463,2.0
0.6086366176605225,1.0
3.114347219467163,1.0
-1.2038156986236572,1.0
0.9917084574699402,1.0
3.14862322807312,1.0
5.677657127380371,2.0
