predicted,real
7.589491367340088,19.0
7.101816177368164,11.0
5.002510070800781,1.0
7.161601543426514,3.0
5.7163190841674805,1.0
4.395691394805908,4.0
5.4259867668151855,4.0
5.0175251960754395,1.0
4.034264087677002,5.0
4.395691394805908,1.0
7.0121283531188965,10.0
7.2960991859436035,3.0
6.468299388885498,5.0
7.375003814697266,2.0
5.430196762084961,3.0
6.3186421394348145,24.0
7.101816177368164,1.0
3.4198901653289795,1.0
3.8533644676208496,1.0
6.393476963043213,6.0
6.3186421394348145,3.0
6.483262538909912,24.0
6.818600654602051,3.0
7.101816177368164,33.0
7.146655082702637,1.0
6.48746395111084,2.0
7.242674827575684,1.0
7.505270004272461,8.0
7.878667831420898,5.0
5.212713241577148,1.0
6.937378883361816,14.0
8.048321723937988,2.0
4.455882549285889,7.0
4.395691394805908,1.0
6.937378883361816,5.0
8.202656745910645,1.0
7.186081886291504,12.0
6.3186421394348145,5.0
7.161601543426514,4.0
3.8533644676208496,7.0
3.447556257247925,3.0
4.470934867858887,4.0
6.3186421394348145,3.0
7.176546573638916,3.0
5.638169765472412,1.0
5.260939598083496,3.0
6.647830486297607,4.0
4.455882549285889,1.0
5.7163190841674805,6.0
6.588064193725586,1.0
8.069598197937012,1.0
6.937378883361816,5.0
6.3186421394348145,1.0
5.092611789703369,1.0
5.260939598083496,1.0
5.605952262878418,5.0
3.8382863998413086,1.0
3.7326927185058594,3.0
4.395691394805908,3.0
4.476377964019775,2.0
7.101816177368164,7.0
8.29672622680664,4.0
7.0868682861328125,3.0
7.101816177368164,3.0
3.6280789375305176,3.0
6.393476963043213,1.0
4.591276168823242,1.0
6.3186421394348145,6.0
6.483262538909912,2.0
5.348810195922852,4.0
6.350805282592773,1.0
6.922428131103516,5.0
6.937378883361816,1.0
6.937378883361816,5.0
5.7163190841674805,1.0
5.743101596832275,1.0
4.395691394805908,1.0
4.461331844329834,1.0
7.988598823547363,1.0
5.290954113006592,1.0
7.860551834106445,2.0
6.3186421394348145,4.0
3.0743520259857178,1.0
5.833020210266113,1.0
5.0175251960754395,1.0
6.937378883361816,10.0
6.937378883361816,2.0
7.505270004272461,2.0
8.475859642028809,1.0
6.543111801147461,16.0
6.632872104644775,3.0
7.101816177368164,16.0
5.485983371734619,1.0
7.101816177368164,7.0
5.215912342071533,7.0
6.3186421394348145,11.0
8.207149505615234,2.0
6.135799884796143,1.0
4.476377964019775,4.0
6.393476963043213,6.0
6.937378883361816,2.0
5.215912342071533,2.0
6.3186421394348145,2.0
6.922428131103516,5.0
4.470934867858887,1.0
6.887112617492676,11.0
5.215912342071533,3.0
5.260939598083496,3.0
7.325984001159668,3.0
7.719795227050781,7.0
7.2960991859436035,6.0
5.836214065551758,3.0
5.230920791625977,1.0
4.621420383453369,1.0
8.152836799621582,1.0
7.719795227050781,7.0
6.483262538909912,29.999999999999996
6.937378883361816,3.0
5.047562599182129,1.0
6.937378883361816,2.0
3.7628681659698486,1.0
6.3186421394348145,5.0
4.516064643859863,1.0
3.8533644676208496,4.0
5.6413655281066895,8.0
7.101816177368164,7.0
3.6992976665496826,1.0
4.470934867858887,3.0
4.476377964019775,2.0
6.887112617492676,4.0
6.220214366912842,2.0
4.461331844329834,4.0
7.555492877960205,1.0
7.555492877960205,1.0
6.3186421394348145,2.0
7.101816177368164,16.0
3.0743520259857178,1.0
4.856493949890137,5.0
6.483262538909912,83.0
6.483262538909912,9.0
6.937378883361816,3.0
6.3186421394348145,3.0
4.461331844329834,2.0
5.215912342071533,3.0
6.393476963043213,10.0
5.09581184387207,2.0
6.937378883361816,3.0
4.071545600891113,1.0
4.455882549285889,3.0
4.942424774169922,1.0
5.776270866394043,6.0
7.540554046630859,1.0
4.470934867858887,1.0
5.0175251960754395,1.0
6.3186421394348145,8.0
6.483262538909912,16.0
5.743101596832275,2.0
5.758090019226074,2.0
8.496190071105957,2.0
8.173171997070312,1.0
6.3186421394348145,4.0
6.662788391113281,13.0
6.483262538909912,1.0
7.540554046630859,1.0
6.3186421394348145,14.0
7.540554046630859,3.0
5.638169765472412,1.0
5.665921688079834,2.0
4.606312274932861,3.0
7.325984001159668,2.0
5.0775957107543945,8.0
5.725881576538086,1.0
4.756662845611572,2.0
6.937378883361816,2.0
6.937378883361816,7.0
6.937378883361816,3.0
7.719795227050781,5.0
5.968894004821777,9.0
6.937378883361816,16.0
2.8754050731658936,3.0
7.630180358886719,2.0
7.101816177368164,13.0
4.395691394805908,2.0
5.348810195922852,59.0
4.516064643859863,1.0
7.555492877960205,1.0
8.158242225646973,1.0
5.110827922821045,5.0
6.423407077789307,5.0
7.101816177368164,8.0
4.455882549285889,1.0
6.327422142028809,14.999999999999998
3.8533644676208496,1.0
7.555492877960205,6.0
7.101816177368164,19.0
8.108044624328613,1.0
6.483262538909912,71.0
6.3186421394348145,2.0
6.937378883361816,7.0
7.719795227050781,1.0
6.3186421394348145,14.0
5.836214065551758,4.0
6.707660675048828,3.0
5.092611789703369,1.0
7.719795227050781,21.0
7.555492877960205,5.0
7.101816177368164,6.0
5.82122802734375,1.0
5.092611789703369,1.0
7.555492877960205,1.0
7.719795227050781,2.0
7.555492877960205,5.0
4.694071292877197,1.0
5.09581184387207,1.0
5.752664566040039,1.0
5.968894004821777,3.0
6.754755020141602,1.0
7.719795227050781,2.0
7.436819076538086,1.0
4.476377964019775,1.0
7.0121283531188965,3.0
8.86935043334961,1.0
7.555492877960205,1.0
5.098048210144043,1.0
7.101816177368164,2.0
5.6413655281066895,4.0
4.455882549285889,1.0
6.3186421394348145,3.0
6.752528667449951,3.0
7.101816177368164,12.0
7.101816177368164,13.0
6.937378883361816,1.0
5.09581184387207,1.0
5.0175251960754395,1.0
7.101816177368164,10.0
6.468299388885498,5.0
6.937378883361816,1.0
5.668154239654541,1.0
7.555492877960205,1.0
4.6568684577941895,1.0
5.82122802734375,3.0
6.395704746246338,1.0
7.161601543426514,20.0
5.215912342071533,2.0
7.555492877960205,2.0
5.035746097564697,2.0
3.8533644676208496,2.0
8.173171997070312,1.0
8.29672622680664,2.0
4.395691394805908,1.0
6.3186421394348145,5.0
5.0775957107543945,8.0
5.3327717781066895,2.0
7.101816177368164,10.0
5.707890510559082,43.0
5.668154239654541,1.0
7.101816177368164,29.999999999999996
6.937378883361816,1.0
3.8533644676208496,3.0
4.034264087677002,4.0
6.937378883361816,3.0
7.186081886291504,8.0
4.828607559204102,1.0
5.047562599182129,1.0
4.476377964019775,1.0
5.09581184387207,1.0
4.395691394805908,1.0
5.98387336730957,3.0
7.475391864776611,2.0
5.092611789703369,1.0
5.0175251960754395,1.0
8.351102828979492,1.0
5.260939598083496,7.0
6.937378883361816,8.0
7.555492877960205,1.0
4.380638122558594,3.0
5.185891151428223,7.0
5.725881576538086,1.0
4.693328380584717,1.0
6.754755020141602,1.0
5.09581184387207,4.0
5.098048210144043,1.0
7.630180358886719,4.0
6.937378883361816,5.0
4.476377010345459,2.0
5.82122802734375,2.0
6.3186421394348145,9.0
