predicted,real
2.469515085220337,3.0
3.53410267829895,3.0
3.53410267829895,4.0
1.0103466510772705,9.0
4.006932735443115,6.0
5.6907453536987305,3.0
0.9924789667129517,1.0
0.9924789667129517,1.0
1.7473485469818115,7.0
1.394327998161316,1.0
3.579773187637329,2.0
-0.18522781133651733,2.0
3.671238422393799,8.0
2.504429340362549,2.0
2.504429340362549,2.0
1.5550001859664917,3.0
3.53410267829895,1.0
2.4869003295898438,1.0
0.8839823007583618,1.0
0.9924789667129517,1.0
-0.08934395015239716,2.0
-0.11909407377243042,2.0
3.8808910846710205,7.0
1.7473485469818115,2.0
2.504429340362549,1.0
2.916478157043457,2.0
1.394327998161316,3.0
2.073223829269409,9.0
2.3279998302459717,1.0
2.469515085220337,2.0
0.9924789667129517,1.0
1.4264912605285645,1.0
3.579773187637329,2.0
1.3621430397033691,3.0
2.628208637237549,3.0
3.6917741298675537,10.0
-1.5851458311080933,2.0
1.394327998161316,1.0
-0.08934395015239716,4.0
1.154131531715393,1.0
3.53410267829895,5.0
0.9892695546150208,1.0
2.694776773452759,2.0
0.9924789667129517,7.0
1.7473485469818115,4.0
0.9924789667129517,1.0
3.1062350273132324,9.0
2.818362236022949,5.0
-0.18522781133651733,2.0
1.7473485469818115,21.0
1.5260907411575317,3.0
1.3041455745697021,5.0
3.8808910846710205,4.0
2.5186522006988525,2.0
0.9601027965545654,2.0
5.87001895904541,2.0
2.7898364067077637,1.0
2.504429340362549,5.0
0.5016458034515381,1.0
2.504429340362549,3.0
2.073223829269409,2.0
3.8808910846710205,13.0
1.028058648109436,2.0
2.818362236022949,33.0
2.628208637237549,12.0
0.30539605021476746,1.0
4.164462566375732,7.0
2.469515085220337,2.0
-0.18522781133651733,3.0
1.394327998161316,2.0
1.7473485469818115,4.0
2.818362236022949,28.0
1.668784499168396,2.0
3.565643548965454,2.0
1.3975226879119873,3.0
3.8808910846710205,10.0
2.6630728244781494,1.0
1.7473485469818115,1.0
3.53410267829895,14.999999999999998
3.8808910846710205,16.0
1.3621430397033691,1.0
9.610917091369629,11.0
3.8808910846710205,83.0
2.073223829269409,1.0
1.0571894645690918,1.0
-0.1075800210237503,1.0
2.1369848251342773,1.0
2.469515085220337,5.0
1.7473485469818115,2.0
1.3975226879119873,2.0
2.469515085220337,2.0
2.4377517700195312,1.0
0.15602363646030426,2.0
3.53410267829895,4.0
0.91640704870224,5.0
1.3298003673553467,1.0
3.53410267829895,2.0
1.394327998161316,1.0
1.41193425655365,1.0
2.1369848251342773,1.0
5.5877790451049805,2.0
11.052599906921387,19.0
1.7473485469818115,1.0
3.53410267829895,29.999999999999996
1.1218376159667969,1.0
1.4296836853027344,6.0
4.063540458679199,4.0
-0.18522781133651733,2.0
9.387131690979004,3.0
2.818362236022949,13.0
3.53410267829895,7.0
2.599642276763916,3.0
3.53410267829895,8.0
0.91640704870224,5.0
3.7548224925994873,5.0
1.3621430397033691,1.0
2.469515085220337,4.0
0.661410391330719,1.0
3.8808910846710205,6.0
0.5733771324157715,1.0
1.394327998161316,2.0
3.53410267829895,3.0
-0.1075800210237503,1.0
3.53410267829895,1.0
2.9766135215759277,8.0
0.2102593034505844,1.0
0.12314534187316895,1.0
5.2271037101745605,1.0
3.53410267829895,3.0
1.1719540357589722,1.0
5.806541919708252,1.0
3.8808910846710205,7.0
4.940565586090088,5.0
3.8808910846710205,3.0
4.794761657714844,3.0
2.6717469692230225,4.0
1.7473485469818115,7.0
2.1369848251342773,1.0
2.818362236022949,7.0
2.3279998302459717,3.0
1.5260907411575317,2.0
3.653834819793701,2.0
1.41193425655365,1.0
2.628208637237549,1.0
2.0700573921203613,1.0
0.10841017216444016,1.0
0.9924789667129517,1.0
-0.11909407377243042,1.0
2.850025177001953,2.0
0.5733771324157715,1.0
1.0103466510772705,1.0
1.1719540357589722,6.0
4.65123987197876,1.0
-0.1075800210237503,1.0
5.458014965057373,14.999999999999998
3.77756667137146,1.0
1.394327998161316,5.0
1.7153208255767822,1.0
1.1218376159667969,1.0
0.9681763052940369,2.0
1.394327998161316,16.0
3.53410267829895,5.0
1.0103466510772705,1.0
3.53410267829895,5.0
1.3621430397033691,4.0
2.835693836212158,2.0
4.258977890014648,13.0
4.295969486236572,3.0
0.32007265090942383,1.0
1.0571894645690918,1.0
3.3873443603515625,2.0
1.4264912605285645,1.0
3.4677300453186035,3.0
3.53410267829895,3.0
3.53410267829895,3.0
3.1978912353515625,25.0
3.53410267829895,4.0
4.648106575012207,10.0
4.4101057052612305,1.0
1.394327998161316,1.0
0.8839823007583618,1.0
3.8493776321411133,4.0
2.628208637237549,21.0
2.504429340362549,5.0
2.073223829269409,1.0
2.2325439453125,1.0
3.074625015258789,1.0
1.7473485469818115,1.0
2.628208637237549,2.0
0.8304056525230408,1.0
2.3279998302459717,1.0
5.627363681793213,5.0
0.91640704870224,3.0
2.5154976844787598,1.0
2.8040266036987305,2.0
3.8808910846710205,2.0
4.006932735443115,5.0
2.073223829269409,2.0
3.53410267829895,24.0
3.6917741298675537,7.0
0.8839823007583618,2.0
2.073223829269409,12.0
3.8808910846710205,8.0
1.2919703722000122,1.0
-0.21833586692810059,3.0
-0.18522781133651733,1.0
2.4869003295898438,1.0
3.4535939693450928,2.0
3.6917741298675537,27.0
12.253874778747559,4.0
3.5025577545166016,1.0
2.469515085220337,1.0
2.628208637237549,7.0
11.189665794372559,1.0
2.469515085220337,2.0
2.469515085220337,7.0
3.261061668395996,3.0
3.8808910846710205,29.999999999999996
-0.21833586692810059,1.0
2.469515085220337,8.0
2.6916251182556152,4.0
3.7342898845672607,5.0
2.4869003295898438,1.0
15.559774398803711,2.0
-0.4507024586200714,2.0
1.5550001859664917,1.0
2.469515085220337,1.0
9.869806289672852,4.0
0.8839823007583618,2.0
2.250110626220703,1.0
1.394327998161316,1.0
2.250110626220703,2.0
3.53410267829895,4.0
3.53410267829895,6.0
0.07550385594367981,1.0
2.469515085220337,6.0
-0.5357068181037903,3.0
2.469515085220337,6.0
1.8695871829986572,2.0
3.6917741298675537,3.0
2.469515085220337,1.0
2.818362236022949,10.0
1.4296836853027344,1.0
0.9924789667129517,1.0
2.469515085220337,13.0
3.53410267829895,5.0
0.8839823007583618,3.0
1.7473485469818115,2.0
-0.041540730744600296,3.0
2.2819371223449707,1.0
2.818362236022949,3.0
3.53410267829895,2.0
0.91640704870224,7.0
-0.21833586692810059,4.0
2.2325439453125,3.0
2.377347230911255,3.0
2.1227052211761475,1.0
4.227473258972168,2.0
3.398347854614258,3.0
1.0427032709121704,14.999999999999998
2.0413289070129395,1.0
2.388432741165161,1.0
1.7473485469818115,4.0
1.5550001859664917,4.0
2.628208637237549,7.0
1.619028091430664,1.0
3.4124867916107178,1.0
3.2926411628723145,4.0
1.1719540357589722,1.0
2.250110626220703,1.0
-0.1075800210237503,1.0
1.41193425655365,1.0
1.7473485469818115,2.0
0.9924789667129517,2.0
1.5550001859664917,1.0
3.53410267829895,13.0
2.68279767036438,1.0
2.073223829269409,1.0
0.9924789667129517,1.0
-0.18522781133651733,1.0
0.5733771324157715,1.0
3.8808910846710205,46.0
3.53410267829895,4.0
13.981781959533691,3.0
1.3943287134170532,1.0
1.5260896682739258,1.0
3.975424289703369,3.0
