predicted,real
6.415867805480957,1.0
7.386464595794678,11.0
8.977177619934082,11.0
6.43625020980835,5.0
4.798437595367432,1.0
5.480798244476318,1.0
5.908474922180176,1.0
6.684261798858643,1.0
8.357810974121094,2.0
7.838647365570068,1.0
6.105079174041748,1.0
6.670023441314697,5.0
7.05483865737915,4.0
7.994678497314453,1.0
4.828352928161621,3.0
5.908474922180176,1.0
6.105079174041748,1.0
6.105079174041748,1.0
5.330737113952637,1.0
6.105079174041748,1.0
6.850839138031006,2.0
5.187747001647949,4.0
2.9555370807647705,1.0
6.255578994750977,6.0
5.480798244476318,1.0
7.05483865737915,3.0
8.170105934143066,1.0
7.386464595794678,7.0
6.074990272521973,1.0
7.05483865737915,1.0
6.105079174041748,3.0
6.533614158630371,3.0
5.908474922180176,2.0
4.475927829742432,1.0
7.265871524810791,4.0
8.155871391296387,1.0
3.7100446224212646,1.0
4.3874101638793945,2.0
7.05483865737915,2.0
8.005226135253906,10.0
5.721105098724365,1.0
5.022115230560303,3.0
6.255578994750977,3.0
10.330329895019531,1.0
8.005226135253906,24.0
6.058877944946289,2.0
6.058877944946289,4.0
3.888181686401367,1.0
7.212577819824219,1.0
7.386464595794678,10.0
7.423618316650391,4.0
8.336585998535156,29.999999999999996
4.775713920593262,1.0
7.05483865737915,14.0
4.798437595367432,2.0
6.105079174041748,2.0
6.105079174041748,3.0
7.386464595794678,13.0
4.828352928161621,2.0
3.858477830886841,1.0
5.908474922180176,5.0
7.150625705718994,2.0
5.908474922180176,4.0
6.074990272521973,1.0
7.663138389587402,1.0
5.480798244476318,6.0
4.798437595367432,1.0
6.074990272521973,2.0
7.05483865737915,5.0
5.908474922180176,1.0
8.17544937133789,1.0
9.222882270812988,1.0
6.074990272521973,6.0
4.162801742553711,1.0
7.446762561798096,1.0
7.205575466156006,3.0
8.216117858886719,5.0
6.135175704956055,1.0
5.330737113952637,8.0
8.336585998535156,13.0
9.058528900146484,1.0
7.453764915466309,5.0
8.005226135253906,6.0
4.0211501121521,1.0
8.20022964477539,1.0
8.336585998535156,12.0
8.788003921508789,1.0
7.386464595794678,94.0
6.43625020980835,4.0
7.857204437255859,13.0
6.058877944946289,2.0
6.700155735015869,1.0
8.005226135253906,3.0
8.8065185546875,59.0
9.792473793029785,4.0
8.005226135253906,5.0
8.20022964477539,8.0
7.05483865737915,2.0
6.105079174041748,1.0
6.299675941467285,3.0
6.058877944946289,3.0
6.074990272521973,4.0
7.468011379241943,1.0
7.386464595794678,50.0
7.05483865737915,5.0
5.908474922180176,5.0
6.105079174041748,1.0
5.158015727996826,1.0
8.448135375976562,2.0
5.111993312835693,1.0
5.6263957023620605,3.0
5.811281204223633,2.0
4.3874101638793945,4.0
7.8297529220581055,2.0
5.908474922180176,4.0
7.205575466156006,32.0
7.687934875488281,2.0
3.888181686401367,2.0
4.3874101638793945,3.0
7.386464595794678,3.0
4.962222576141357,1.0
6.105079174041748,4.0
8.005226135253906,1.0
7.778366565704346,3.0
4.08065128326416,1.0
4.536623477935791,1.0
3.888181686401367,2.0
7.084986686706543,1.0
6.105079174041748,5.0
5.968624591827393,2.0
7.386464595794678,5.0
7.05483865737915,4.0
8.336585998535156,16.0
6.429011821746826,2.0
4.08065128326416,1.0
7.694940567016602,1.0
8.005226135253906,8.0
4.828352928161621,2.0
6.376018047332764,1.0
4.962222576141357,2.0
7.084986686706543,1.0
7.386464595794678,7.0
7.386464595794678,12.0
6.536271095275879,4.0
3.6507318019866943,2.0
7.6284894943237305,5.0
5.158015727996826,1.0
6.058877944946289,1.0
8.005226135253906,5.0
6.105079174041748,1.0
4.88820219039917,3.0
5.111993312835693,1.0
7.05483865737915,2.0
8.336585998535156,7.0
7.024694919586182,1.0
6.105079174041748,16.0
3.888181686401367,1.0
4.3874101638793945,1.0
8.697770118713379,29.999999999999996
7.05483865737915,4.0
3.171388626098633,1.0
6.074990272521973,2.0
4.962222576141357,1.0
6.579631328582764,2.0
5.330737113952637,1.0
3.888181686401367,4.0
5.247716426849365,3.0
7.386464595794678,40.0
5.968624591827393,1.0
8.45702075958252,1.0
5.330737113952637,2.0
8.727850914001465,2.0
6.149153709411621,1.0
7.326169967651367,1.0
7.386464595794678,5.0
6.7604289054870605,7.0
6.670023441314697,2.0
8.336585998535156,4.0
7.994678497314453,1.0
6.255578994750977,2.0
6.43625020980835,1.0
6.105079174041748,1.0
8.005226135253906,14.0
8.336585998535156,32.0
6.459137439727783,5.0
4.828352928161621,7.0
8.306471824645996,1.0
7.006898403167725,1.0
4.431101322174072,3.0
8.005226135253906,14.999999999999998
3.858477830886841,4.0
7.084986686706543,2.0
7.386464595794678,12.0
3.888181686401367,1.0
6.744528293609619,1.0
4.828352928161621,3.0
7.05483865737915,1.0
5.480798244476318,1.0
7.205575466156006,10.0
4.932278633117676,2.0
4.962222576141357,2.0
8.336585998535156,6.0
6.43625020980835,2.0
6.623996734619141,1.0
7.516799449920654,1.0
10.061639785766602,5.0
4.828352928161621,5.0
4.798437595367432,1.0
6.105079174041748,1.0
6.299675941467285,1.0
6.43625020980835,1.0
5.908474922180176,2.0
7.024694919586182,2.0
7.219820499420166,2.0
5.691052436828613,1.0
4.962222576141357,2.0
8.155871391296387,44.0
6.43625020980835,2.0
6.33867073059082,9.0
8.336585998535156,31.000000000000004
6.43625020980835,2.0
6.429011821746826,4.0
9.088569641113281,2.0
4.2452592849731445,1.0
7.205575466156006,21.0
5.158015727996826,1.0
6.105079174041748,2.0
5.908474922180176,3.0
5.04759407043457,2.0
5.390753269195557,5.0
5.360742568969727,1.0
3.9476187229156494,1.0
6.797802925109863,2.0
6.087312698364258,1.0
8.005226135253906,1.0
6.429011821746826,1.0
7.386464595794678,7.0
5.480798244476318,1.0
5.407416343688965,1.0
7.838647365570068,3.0
6.43625020980835,2.0
6.105079174041748,2.0
7.05483865737915,7.0
6.105079174041748,1.0
8.336585998535156,77.0
8.336585998535156,13.0
4.9876885414123535,1.0
5.592057704925537,2.0
7.05483865737915,8.0
7.205575466156006,7.0
4.175134181976318,4.0
8.306471824645996,1.0
10.077398300170898,3.0
8.612847328186035,1.0
4.962222576141357,1.0
4.962222576141357,1.0
10.22671890258789,2.0
8.155871391296387,4.0
4.162801742553711,1.0
4.932278633117676,2.0
6.028788089752197,1.0
8.426916122436523,1.0
6.744528293609619,4.0
6.299675941467285,3.0
6.4876017570495605,1.0
4.105973243713379,1.0
3.888181686401367,1.0
5.351891040802002,1.0
3.6507318019866943,2.0
6.255578994750977,1.0
6.074990272521973,1.0
5.751160621643066,2.0
6.074990272521973,2.0
5.908474922180176,4.0
8.336585998535156,6.0
4.828352928161621,1.0
6.579631328582764,2.0
8.005226135253906,3.0
6.670023441314697,7.0
5.158015727996826,1.0
7.205575466156006,3.0
5.812036991119385,3.0
4.798437595367432,1.0
8.139982223510742,2.0
6.436249732971191,7.0
7.136380195617676,1.0
5.351889133453369,1.0
