predicted,real
6.084316253662109,1.0
5.274102210998535,2.0
6.127339839935303,8.0
5.216465473175049,2.0
5.244502067565918,1.0
6.066595554351807,1.0
5.710921764373779,3.0
6.071231365203857,4.0
5.710921764373779,2.0
6.101996421813965,2.0
5.757436275482178,2.0
4.926393985748291,1.0
5.714107990264893,1.0
6.1281418800354,2.0
5.072059154510498,1.0
5.699118137359619,26.0
5.458668231964111,1.0
6.072739601135254,2.0
5.710921764373779,3.0
6.101996421813965,7.0
5.680246829986572,1.0
6.154184818267822,1.0
5.524886608123779,1.0
5.274102210998535,2.0
5.292801856994629,1.0
5.069974899291992,2.0
5.301008701324463,6.0
5.65360164642334,2.0
5.287534236907959,2.0
5.710921764373779,2.0
6.101996421813965,32.0
5.684965133666992,12.0
6.154184818267822,1.0
5.2429609298706055,1.0
6.101996421813965,50.0
5.684965133666992,3.0
6.127339839935303,2.0
6.092759132385254,3.0
6.127339839935303,6.0
6.1852803230285645,1.0
5.671637058258057,1.0
5.624527454376221,1.0
6.061147212982178,5.0
5.738542556762695,3.0
5.298759460449219,2.0
5.699118137359619,1.0
5.167044162750244,2.0
5.684965133666992,9.0
5.965522766113281,2.0
5.65360164642334,1.0
5.710921764373779,3.0
5.687320232391357,1.0
6.077373027801514,9.0
5.65360164642334,1.0
5.99827766418457,6.0
6.059635639190674,1.0
5.298759460449219,1.0
5.295745372772217,2.0
5.6465349197387695,1.0
5.710921764373779,8.0
5.274102210998535,1.0
5.649600505828857,2.0
5.738542556762695,2.0
6.1281418800354,2.0
5.458668231964111,2.0
6.127339839935303,5.0
5.710921764373779,18.0
6.127339839935303,1.0
5.274102210998535,2.0
5.298759460449219,1.0
6.129639148712158,2.0
5.738542556762695,2.0
6.125040054321289,2.0
5.298759460449219,1.0
5.298759460449219,1.0
6.127339839935303,14.999999999999998
5.562671184539795,5.0
5.732994556427002,1.0
6.319117069244385,43.0
5.710921764373779,4.0
6.172478199005127,3.0
6.071231365203857,1.0
5.6237053871154785,5.0
6.156475067138672,1.0
5.641825199127197,1.0
5.714107990264893,6.0
6.154184818267822,5.0
6.154184818267822,11.0
6.101996421813965,7.0
5.934212684631348,1.0
5.713280200958252,5.0
5.713280200958252,2.0
5.622994422912598,1.0
5.215805530548096,1.0
6.127339839935303,6.0
6.156475067138672,1.0
5.5486297607421875,10.0
5.455549240112305,1.0
6.101996421813965,17.0
6.06195592880249,2.0
5.710921764373779,1.0
6.066595554351807,1.0
5.301008701324463,1.0
6.10972261428833,10.0
6.127339839935303,5.0
6.071231365203857,2.0
5.271874904632568,2.0
5.296507358551025,1.0
5.274102210998535,4.0
6.121240139007568,35.0
5.821585655212402,3.0
5.710921764373779,2.0
6.101996421813965,2.0
6.156475067138672,2.0
5.298759460449219,1.0
6.11583137512207,7.0
6.071231365203857,1.0
6.1488037109375,4.0
5.65360164642334,1.0
5.479530334472656,2.0
6.1281418800354,2.0
6.127339839935303,5.0
6.05104923248291,2.0
5.708562850952148,1.0
5.48416805267334,1.0
5.3251237869262695,2.0
6.124259948730469,1.0
5.9224677085876465,14.0
5.723552703857422,3.0
5.298759460449219,1.0
5.945949554443359,10.0
5.694398403167725,4.0
6.059635639190674,2.0
5.708562850952148,1.0
6.071231365203857,2.0
5.714107990264893,1.0
5.738542556762695,1.0
5.684965133666992,77.0
6.156475067138672,3.0
5.684965133666992,76.0
6.101996421813965,6.0
6.127339839935303,29.999999999999996
6.127339839935303,2.0
6.06195592880249,1.0
6.248521327972412,1.0
5.164117813110352,3.0
5.287534236907959,2.0
5.298759460449219,3.0
5.699118137359619,7.0
6.1488037109375,2.0
6.127339839935303,17.0
6.066595554351807,1.0
6.071231365203857,2.0
6.127339839935303,5.0
5.622994422912598,1.0
5.675524711608887,3.0
6.092759132385254,5.0
5.644176959991455,1.0
6.06195592880249,5.0
5.704664707183838,4.0
5.65360164642334,1.0
5.655954837799072,1.0
5.697574615478516,5.0
5.854058742523193,1.0
6.154184818267822,3.0
6.127339839935303,5.0
5.274102210998535,10.0
5.673991680145264,2.0
6.044078350067139,2.0
4.9244704246521,1.0
5.699118137359619,2.0
5.274102210998535,2.0
5.675524711608887,3.0
5.491949081420898,1.0
5.699118137359619,7.0
5.287534236907959,1.0
5.274102210998535,8.0
5.301008701324463,1.0
5.159792423248291,3.0
6.092759132385254,33.0
5.707022190093994,1.0
6.071231365203857,2.0
5.738542556762695,1.0
6.127339839935303,3.0
5.327385425567627,1.0
5.699118137359619,3.0
5.684965133666992,8.0
5.271874904632568,1.0
5.65360164642334,1.0
5.684965133666992,14.0
6.154184818267822,5.0
6.127339839935303,13.0
4.9244704246521,1.0
6.319117069244385,8.0
5.298759460449219,2.0
5.298759460449219,1.0
6.125040054321289,1.0
5.699118137359619,2.0
6.127339839935303,17.0
5.707022190093994,3.0
5.673168182373047,3.0
6.101996421813965,83.0
5.34158182144165,1.0
5.738542556762695,1.0
5.67788553237915,3.0
5.738542556762695,5.0
6.071932315826416,14.0
6.101996421813965,24.0
6.067295551300049,2.0
5.274102210998535,7.0
5.54640007019043,2.0
5.684965133666992,5.0
6.006802558898926,4.0
6.101996421813965,6.0
5.684965133666992,7.0
6.107416152954102,2.0
5.7353596687316895,1.0
6.121240139007568,3.0
6.149602890014648,3.0
5.621352672576904,8.0
5.65360164642334,1.0
5.65360164642334,1.0
6.1281418800354,2.0
5.65360164642334,1.0
5.633938312530518,1.0
5.808962345123291,5.0
5.655954837799072,2.0
6.05104923248291,4.0
5.375030040740967,1.0
5.301008701324463,1.0
6.06195592880249,6.0
5.993110179901123,19.0
6.167909622192383,1.0
6.041049480438232,1.0
6.127339839935303,14.999999999999998
5.713280200958252,5.0
6.101996421813965,6.0
5.522230625152588,1.0
6.101996421813965,2.0
5.629232883453369,1.0
5.274102210998535,7.0
5.710921764373779,6.0
6.071231365203857,1.0
6.048727035522461,13.0
5.755704402923584,3.0
5.697574615478516,4.0
5.732994556427002,12.0
5.159792423248291,2.0
5.509763240814209,4.0
6.066595554351807,3.0
5.310788154602051,1.0
5.145013332366943,1.0
5.298759460449219,1.0
6.071231365203857,4.0
6.127339839935303,1.0
5.997570514678955,1.0
6.127339839935303,2.0
6.129639148712158,1.0
5.641825199127197,2.0
6.088942050933838,3.0
5.710921764373779,4.0
5.659851551055908,1.0
5.491949081420898,1.0
5.65360164642334,7.0
6.127339839935303,4.0
5.244502067565918,1.0
6.154184818267822,1.0
5.65360164642334,4.0
5.710921764373779,3.0
6.395777225494385,14.999999999999998
6.071231365203857,2.0
5.738542556762695,1.0
5.298759460449219,1.0
6.149602890014648,1.0
5.710921764373779,11.0
5.656671047210693,25.0
5.738542556762695,1.0
5.298759460449219,8.0
5.960019588470459,1.0
6.067295551300049,1.0
6.071231365203857,1.0
5.710921764373779,7.0
5.65360164642334,1.0
6.127339839935303,12.0
6.125040054321289,6.0
5.7109222412109375,5.0
5.707022190093994,2.0
