predicted,real
5.101687431335449,3.0
4.586708068847656,2.0
7.3356122970581055,29.999999999999996
6.374648094177246,4.0
4.754053592681885,1.0
6.374648094177246,10.0
5.101687431335449,1.0
3.941542625427246,6.0
5.396114349365234,1.0
2.6139187812805176,3.0
6.465305805206299,10.0
6.822706699371338,1.0
6.105686187744141,3.0
5.487274646759033,4.0
3.233656883239746,5.0
7.421993732452393,2.0
3.023130416870117,1.0
3.2279739379882812,1.0
9.110515594482422,1.0
3.9451465606689453,9.0
5.396114349365234,6.0
2.7369589805603027,3.0
5.012540340423584,2.0
6.748301982879639,2.0
6.374648094177246,2.0
7.498244762420654,26.0
8.9826078414917,5.0
7.3356122970581055,7.0
3.886688232421875,1.0
3.2279739379882812,6.0
6.822706699371338,7.0
5.554812908172607,1.0
3.941542625427246,1.0
4.845290660858154,5.0
8.410296440124512,2.0
3.941542625427246,1.0
6.374648094177246,3.0
8.82593822479248,1.0
6.206708908081055,1.0
3.886688232421875,1.0
9.00676155090332,12.0
2.638275384902954,1.0
3.8674843311309814,1.0
5.29099702835083,1.0
2.711855173110962,2.0
3.8674843311309814,4.0
6.937971591949463,2.0
8.933258056640625,1.0
3.941542625427246,1.0
5.101687431335449,5.0
4.333035945892334,4.0
7.1777544021606445,2.0
5.035762310028076,1.0
6.95650053024292,1.0
6.105686187744141,14.0
4.037073135375977,3.0
6.374648094177246,3.0
5.29099702835083,1.0
6.105686187744141,5.0
8.435051918029785,1.0
5.101687431335449,2.0
5.487274646759033,5.0
5.012540340423584,5.0
6.822706699371338,6.0
6.209313869476318,1.0
9.012162208557129,1.0
6.374648094177246,3.0
4.841082572937012,7.0
6.105686187744141,11.0
2.6190097332000732,2.0
3.8710193634033203,1.0
5.101687431335449,1.0
2.899690866470337,1.0
7.421993732452393,3.0
2.643455982208252,3.0
7.3356122970581055,1.0
6.822706699371338,27.0
4.184953689575195,1.0
2.9078145027160645,1.0
6.105686187744141,12.0
3.35770583152771,1.0
7.498244762420654,8.0
3.1330699920654297,1.0
5.101687431335449,14.0
6.197277545928955,2.0
6.374648094177246,3.0
2.643455982208252,1.0
5.191417694091797,1.0
6.855343818664551,2.0
3.8674843311309814,2.0
6.374648094177246,5.0
8.479781150817871,1.0
6.374648094177246,29.999999999999996
7.3356122970581055,3.0
7.3356122970581055,6.0
4.333035945892334,3.0
8.808871269226074,13.0
5.487274646759033,3.0
4.586708068847656,1.0
3.886688232421875,2.0
2.7369589805603027,3.0
2.7369589805603027,5.0
9.00676155090332,16.0
5.035762310028076,1.0
3.1497609615325928,1.0
3.8710193634033203,2.0
5.101687431335449,3.0
3.4154155254364014,1.0
3.8674843311309814,6.0
5.035762310028076,1.0
7.4264607429504395,1.0
4.19313383102417,1.0
5.487274646759033,2.0
2.9803683757781982,1.0
8.987774848937988,8.0
9.110650062561035,3.0
8.963899612426758,2.0
2.711855173110962,1.0
3.941542625427246,3.0
2.94002628326416,1.0
4.184953689575195,1.0
-11.342537879943848,1.0
8.918002128601074,5.0
9.092371940612793,11.0
7.8196492195129395,1.0
6.374648094177246,4.0
7.3356122970581055,7.0
3.886688232421875,1.0
5.035762310028076,2.0
3.3406224250793457,4.0
7.807884216308594,22.0
7.3356122970581055,12.0
5.101687431335449,2.0
7.3356122970581055,32.0
4.255984783172607,5.0
2.9078145027160645,1.0
4.039250373840332,2.0
6.374648094177246,1.0
6.470277309417725,4.0
2.711855173110962,2.0
6.374648094177246,9.0
8.02446174621582,7.0
6.832385540008545,2.0
8.977441787719727,12.0
6.105686187744141,2.0
6.374648094177246,5.0
6.465305805206299,2.0
6.22116231918335,1.0
3.9492650032043457,4.0
7.3356122970581055,4.0
3.5387587547302246,1.0
8.848225593566895,4.0
2.6190097332000732,2.0
6.374648094177246,11.0
6.645190715789795,5.0
9.102141380310059,5.0
4.841082572937012,10.0
8.518463134765625,1.0
7.1777544021606445,2.0
2.7369589805603027,4.0
3.941542625427246,3.0
3.941542625427246,1.0
6.374648094177246,8.0
6.374648094177246,14.0
9.102141380310059,3.0
5.035762310028076,9.0
7.3356122970581055,50.0
5.396114349365234,1.0
9.089890480041504,3.0
3.2279739379882812,1.0
9.102141380310059,19.0
8.919723510742188,1.0
9.093982696533203,3.0
7.3356122970581055,83.0
5.101687431335449,2.0
4.333035945892334,1.0
8.085369110107422,1.0
4.845290660858154,2.0
9.118959426879883,1.0
3.886688232421875,1.0
5.214940071105957,1.0
7.3356122970581055,1.0
6.105686187744141,3.0
3.941542625427246,4.0
3.9492650032043457,1.0
7.3356122970581055,6.0
3.0703158378601074,1.0
6.105686187744141,9.0
2.6590490341186523,1.0
5.101687431335449,2.0
8.986191749572754,1.0
3.886688232421875,1.0
-2.899216413497925,2.0
3.8710193634033203,2.0
3.886688232421875,2.0
7.076959133148193,1.0
8.164112091064453,2.0
9.015914916992188,1.0
5.101687431335449,7.0
5.101687431335449,5.0
5.101687431335449,1.0
7.655839920043945,6.0
7.68026065826416,2.0
3.2104945182800293,1.0
5.035762310028076,1.0
5.035762310028076,2.0
2.6445093154907227,1.0
4.928893089294434,2.0
5.101687431335449,6.0
3.941542625427246,2.0
3.8674843311309814,3.0
6.298020839691162,1.0
2.6276700496673584,2.0
7.498244762420654,4.0
5.554812908172607,2.0
5.101687431335449,6.0
6.374648094177246,12.0
6.866029262542725,5.0
2.7369589805603027,2.0
5.101687431335449,3.0
2.6590490341186523,1.0
6.105686187744141,13.0
2.711855173110962,2.0
6.374648094177246,6.0
3.941542625427246,5.0
8.225785255432129,99.0
5.035762310028076,2.0
4.333035945892334,1.0
5.762219429016113,1.0
4.037073135375977,1.0
4.845290660858154,35.0
2.8569014072418213,2.0
6.013916015625,3.0
7.3356122970581055,16.0
4.333035945892334,6.0
4.877806186676025,3.0
8.360305786132812,7.0
2.7951040267944336,1.0
7.252566814422607,3.0
4.176248550415039,2.0
7.140321731567383,3.0
6.303030967712402,1.0
5.3867340087890625,1.0
6.105686187744141,7.0
5.035762310028076,1.0
7.421993732452393,1.0
6.374648094177246,3.0
3.941542625427246,1.0
3.7313430309295654,4.0
6.379642486572266,3.0
2.7369589805603027,7.0
8.050223350524902,1.0
7.510891914367676,2.0
6.374648094177246,12.0
3.941542625427246,4.0
5.554812908172607,10.0
6.105686187744141,16.0
3.072646141052246,3.0
7.340145111083984,2.0
5.101687431335449,7.0
4.017094612121582,1.0
6.924200057983398,1.0
4.102100849151611,2.0
5.035762310028076,1.0
5.554812908172607,3.0
7.257159233093262,11.0
2.7369589805603027,3.0
3.6619696617126465,1.0
6.105686187744141,11.0
8.635422706604004,2.0
5.554812908172607,6.0
9.010700225830078,1.0
6.105686187744141,4.0
3.886688232421875,2.0
8.767080307006836,2.0
6.470277309417725,5.0
2.711855173110962,1.0
3.941542625427246,1.0
5.101687431335449,3.0
9.034051895141602,7.0
5.554812908172607,1.0
2.643455982208252,3.0
6.013916015625,4.0
4.020771026611328,2.0
8.852397918701172,2.0
5.487273216247559,2.0
4.333035945892334,1.0
