predicted,real
3.0439112186431885,1.0
8.293070793151855,2.0
8.113296508789062,5.0
7.442126750946045,3.0
3.237273931503296,1.0
5.964092254638672,1.0
8.5868501663208,3.0
5.3588175773620605,2.0
4.878493785858154,1.0
2.5916500091552734,1.0
8.26940631866455,1.0
8.113296508789062,14.999999999999998
4.992525577545166,4.0
8.677342414855957,5.0
7.729572296142578,3.0
2.472165107727051,7.0
8.113296508789062,6.0
2.1428425312042236,2.0
7.827815055847168,5.0
2.1428425312042236,1.0
5.498558044433594,1.0
3.0439112186431885,1.0
8.056901931762695,3.0
8.113296508789062,4.0
7.631296634674072,5.0
2.7348389625549316,3.0
2.6233363151550293,1.0
7.1649885177612305,1.0
7.263371467590332,3.0
5.409510612487793,1.0
2.503788948059082,1.0
7.729572296142578,32.0
2.3774094581604004,1.0
8.113296508789062,11.0
7.181386470794678,5.0
1.846120834350586,1.0
3.389073610305786,2.0
7.361738681793213,7.0
7.827815055847168,33.0
2.503788948059082,3.0
2.024336099624634,1.0
2.5916500091552734,3.0
8.293070793151855,4.0
2.456361770629883,1.0
2.5758109092712402,2.0
8.325737953186035,8.0
2.456361770629883,1.0
7.795554161071777,6.0
8.325737953186035,26.0
3.0439112186431885,1.0
1.5804213285446167,2.0
2.456361770629883,1.0
5.7692975997924805,2.0
7.361738681793213,7.0
7.631296634674072,5.0
7.656710147857666,1.0
8.113296508789062,5.0
8.293070793151855,83.0
7.827815055847168,82.0
2.3474793434143066,1.0
5.407830238342285,3.0
2.024336099624634,1.0
8.84990406036377,4.0
7.651776313781738,1.0
9.318558692932129,2.0
8.113296508789062,3.0
7.959230899810791,1.0
5.375154495239258,4.0
8.122312545776367,2.0
7.729572296142578,1.0
3.1237285137176514,4.0
5.391490936279297,1.0
2.5758109092712402,2.0
7.729572296142578,21.0
8.572219848632812,1.0
7.361738681793213,7.0
8.129646301269531,6.0
7.181386470794678,3.0
8.113296508789062,14.0
8.621134757995605,2.0
5.155590057373047,2.0
7.81144380569458,4.0
2.456361770629883,2.0
8.293070793151855,24.0
7.361738681793213,10.0
3.1900086402893066,3.0
6.373791694641113,2.0
7.361738681793213,2.0
7.361738681793213,2.0
8.113296508789062,1.0
8.056901931762695,1.0
5.407830238342285,1.0
3.0439112186431885,2.0
3.6616451740264893,1.0
7.263371467590332,2.0
2.662154197692871,1.0
7.181386470794678,3.0
8.358400344848633,8.0
7.722225666046143,2.0
7.181386470794678,2.0
7.827815055847168,2.0
7.181386470794678,2.0
7.729572296142578,3.0
8.07325553894043,2.0
5.43317985534668,2.0
6.317254066467285,1.0
8.456348419189453,1.0
8.113296508789062,5.0
3.0439112186431885,2.0
7.647677898406982,2.0
2.456361770629883,1.0
5.293490409851074,5.0
7.1649885177612305,1.0
0.4731115698814392,2.0
5.636715888977051,1.0
5.738978862762451,4.0
8.358400344848633,6.0
8.293070793151855,46.0
2.024336099624634,5.0
2.662154197692871,4.0
7.827815055847168,77.0
6.23529052734375,2.0
10.079671859741211,2.0
8.113296508789062,4.0
5.620357036590576,2.0
7.921093463897705,1.0
7.647677898406982,1.0
7.647677898406982,11.0
7.729572296142578,1.0
7.647677898406982,2.0
2.797908306121826,2.0
2.472165107727051,5.0
7.361738681793213,10.0
7.647677898406982,5.0
3.075824499130249,2.0
2.1428425312042236,1.0
7.181386470794678,1.0
8.113296508789062,14.0
7.1649885177612305,2.0
2.472165107727051,3.0
6.661612033843994,2.0
2.472165107727051,4.0
7.181386470794678,16.0
7.827815055847168,40.0
3.269279956817627,1.0
6.3262939453125,1.0
2.1428425312042236,1.0
7.827815055847168,16.0
3.251628875732422,8.0
9.03536605834961,2.0
3.411831855773926,2.0
2.456361770629883,1.0
8.293070793151855,1.0
5.849462985992432,3.0
7.181386470794678,3.0
5.391490936279297,3.0
7.361738681793213,4.0
8.47266674041748,4.0
2.1742732524871826,1.0
7.361738681793213,2.0
2.024336099624634,2.0
7.361738681793213,5.0
8.129646301269531,2.0
5.424170017242432,1.0
8.113296508789062,17.0
7.361738681793213,19.0
3.075824499130249,1.0
8.293070793151855,1.0
4.270211219787598,4.0
0.2859458029270172,2.0
2.024336099624634,3.0
2.797908306121826,1.0
3.0439112186431885,1.0
8.293070793151855,116.99999999999999
4.878493785858154,1.0
7.361738681793213,8.0
5.407830238342285,2.0
8.253067016601562,5.0
4.732019424438477,9.0
7.647677898406982,4.0
8.57054328918457,9.0
7.1649885177612305,3.0
8.113296508789062,5.0
4.4647746086120605,1.0
7.361738681793213,1.0
2.6233363151550293,1.0
3.0439112186431885,1.0
8.213056564331055,3.0
8.113296508789062,8.0
2.662154197692871,5.0
4.806073188781738,1.0
4.732019424438477,4.0
5.505890846252441,2.0
2.0086636543273926,3.0
7.844185829162598,23.0
4.813371181488037,1.0
8.113296508789062,5.0
7.361738681793213,1.0
9.174248695373535,1.0
2.5916500091552734,1.0
2.024336099624634,2.0
8.113296508789062,13.0
2.0086636543273926,1.0
5.228187084197998,1.0
8.113296508789062,11.0
7.263371467590332,4.0
0.26219549775123596,2.0
8.358400344848633,3.0
3.0439112186431885,4.0
8.113296508789062,3.0
5.293490409851074,4.0
8.195032119750977,5.0
8.113296508789062,2.0
2.6708948612213135,1.0
7.827815055847168,10.0
2.024336099624634,4.0
3.0439112186431885,1.0
7.361738681793213,4.0
7.647677898406982,3.0
3.0439112186431885,1.0
7.9096574783325195,8.0
2.5916500091552734,1.0
7.181386470794678,2.0
-0.16240085661411285,2.0
3.0439112186431885,3.0
2.456361770629883,1.0
2.1742732524871826,3.0
7.181386470794678,9.0
8.113296508789062,5.0
8.131327629089355,1.0
5.425849914550781,1.0
3.0439112186431885,2.0
7.1649885177612305,2.0
8.113296508789062,2.0
8.113296508789062,4.0
0.4814440906047821,3.0
7.647677898406982,1.0
8.293070793151855,71.0
8.386138916015625,13.0
2.212783098220825,1.0
7.893290996551514,3.0
7.647677898406982,4.0
7.361738681793213,1.0
8.449026107788086,1.0
2.024336099624634,2.0
2.252938985824585,1.0
4.748283863067627,1.0
4.806073188781738,1.0
3.0439112186431885,1.0
7.361738681793213,2.0
8.129646301269531,2.0
7.181386470794678,4.0
7.361738681793213,7.0
3.58123779296875,1.0
8.07325553894043,1.0
3.1237285137176514,1.0
2.456361770629883,1.0
7.263371467590332,3.0
0.016465183347463608,1.0
3.0439112186431885,1.0
0.26219549775123596,1.0
5.465865612030029,1.0
8.253067016601562,1.0
7.827815055847168,7.0
7.729572296142578,12.0
2.5916500091552734,1.0
8.040546417236328,11.0
3.0439112186431885,4.0
8.293070793151855,13.0
7.1649885177612305,4.0
0.26219549775123596,1.0
8.488984107971191,99.0
7.361738681793213,5.0
2.472165107727051,3.0
2.797908306121826,1.0
7.181386470794678,1.0
4.927353382110596,1.0
3.0439112186431885,1.0
7.263371467590332,1.0
7.361738681793213,6.0
7.361738681793213,1.0
7.263371467590332,1.0
2.472165107727051,3.0
9.54522705078125,14.0
5.70215368270874,8.0
8.040546417236328,6.0
2.45635986328125,1.0
