predicted,real
4.409535884857178,1.0
4.432252407073975,1.0
4.999658584594727,14.999999999999998
5.4129133224487305,6.0
5.6163649559021,1.0
5.462563991546631,1.0
5.462563991546631,4.0
5.372705936431885,1.0
5.502952575683594,1.0
5.396970748901367,2.0
5.697226047515869,3.0
4.649681091308594,1.0
4.402141571044922,3.0
5.18593168258667,1.0
5.065648555755615,1.0
4.971214294433594,3.0
5.430403709411621,2.0
5.647795677185059,3.0
4.212976932525635,3.0
4.432252407073975,1.0
5.499161720275879,8.0
5.488566875457764,1.0
4.62465238571167,19.0
5.2310404777526855,1.0
5.714539051055908,2.0
5.384690284729004,76.0
5.4129133224487305,1.0
5.2310404777526855,1.0
5.299069404602051,2.0
5.47390079498291,1.0
5.462563991546631,7.0
4.968835830688477,1.0
5.4129133224487305,5.0
5.746336936950684,1.0
4.999658584594727,7.0
4.999658584594727,5.0
4.420785903930664,4.0
5.335179805755615,1.0
4.3310418128967285,1.0
5.18593168258667,2.0
4.56426477432251,4.0
5.384690284729004,16.0
5.1402459144592285,26.0
5.314291000366211,2.0
4.770545482635498,1.0
5.655576705932617,1.0
5.1402459144592285,1.0
5.283884525299072,4.0
5.3012261390686035,1.0
5.462563991546631,2.0
4.268064022064209,2.0
4.338172435760498,1.0
5.314291000366211,2.0
5.093747615814209,11.0
5.18593168258667,5.0
5.600820541381836,1.0
4.839438438415527,2.0
5.314291000366211,2.0
4.9257025718688965,1.0
5.0778069496154785,1.0
5.665472030639648,7.0
5.314291000366211,1.0
4.511801242828369,1.0
5.4774394035339355,3.0
4.420785903930664,1.0
5.4362969398498535,1.0
5.400811672210693,9.0
4.669764518737793,1.0
5.1585259437561035,1.0
4.715099811553955,1.0
5.4774394035339355,1.0
4.959408283233643,3.0
5.18593168258667,3.0
5.777528285980225,5.0
5.3012261390686035,7.0
4.268064022064209,2.0
4.432252407073975,1.0
5.2310404777526855,3.0
4.651741981506348,1.0
5.504584312438965,1.0
5.627405166625977,1.0
5.314291000366211,1.0
5.006883144378662,3.0
5.314291000366211,2.0
4.999658584594727,2.0
5.4362969398498535,2.0
5.462563991546631,4.0
4.651741981506348,1.0
5.680600166320801,2.0
5.1402459144592285,12.0
5.318208694458008,3.0
5.47390079498291,1.0
4.999658584594727,4.0
5.47390079498291,1.0
5.341579437255859,2.0
5.462563991546631,2.0
5.4362969398498535,1.0
5.626434326171875,1.0
5.420219421386719,1.0
5.462563991546631,2.0
5.600820541381836,1.0
5.093747615814209,6.0
4.999658584594727,14.0
5.351950645446777,4.0
5.4362969398498535,3.0
5.096670150756836,2.0
5.4129133224487305,1.0
5.639554977416992,2.0
4.883421897888184,1.0
4.669764518737793,2.0
5.1585259437561035,1.0
4.358863830566406,1.0
5.565669059753418,2.0
5.1585259437561035,3.0
5.18593168258667,1.0
5.035239219665527,10.0
4.338172435760498,1.0
5.662879943847656,1.0
5.6124067306518555,1.0
5.1585259437561035,1.0
5.314291000366211,1.0
5.609450817108154,5.0
5.400811672210693,8.0
5.6124067306518555,1.0
5.093747615814209,1.0
5.734793186187744,2.0
5.351950645446777,8.0
5.408703327178955,2.0
5.07280969619751,4.0
5.400811672210693,33.0
5.3012261390686035,6.0
4.640291213989258,1.0
5.093747615814209,2.0
5.084463119506836,5.0
5.694714069366455,2.0
5.2310404777526855,3.0
5.333243370056152,1.0
5.689490795135498,2.0
5.18593168258667,1.0
4.808064937591553,2.0
5.093747615814209,2.0
5.314291000366211,1.0
4.358863830566406,2.0
5.462563991546631,4.0
5.065648555755615,2.0
4.56426477432251,2.0
4.432252407073975,1.0
5.662879943847656,2.0
5.3012261390686035,1.0
5.600820541381836,8.0
4.432252407073975,3.0
5.376627445220947,3.0
5.3012261390686035,3.0
3.7641072273254395,3.0
4.999658584594727,5.0
4.999658584594727,2.0
3.3292341232299805,1.0
5.772066593170166,1.0
5.1402459144592285,13.0
4.959408283233643,1.0
5.657979965209961,9.0
4.6137237548828125,1.0
4.8224077224731445,1.0
4.245028972625732,1.0
5.384690284729004,7.0
4.999658584594727,14.999999999999998
5.7408623695373535,1.0
4.8224077224731445,1.0
5.093747615814209,18.0
4.944974899291992,4.0
5.093747615814209,6.0
5.4362969398498535,4.0
4.338172435760498,2.0
5.396970748901367,1.0
4.808064937591553,2.0
5.360171318054199,4.0
4.71467399597168,1.0
4.999658584594727,2.0
5.681639671325684,1.0
4.832366466522217,19.0
5.1402459144592285,5.0
4.893029689788818,2.0
4.999658584594727,2.0
5.248873233795166,4.0
5.396970748901367,1.0
5.093747615814209,1.0
5.384690284729004,1.0
4.999658584594727,3.0
5.689490795135498,2.0
4.874013423919678,1.0
4.358863830566406,5.0
5.775264263153076,2.0
5.065648555755615,1.0
5.462563991546631,19.0
4.5900959968566895,9.0
5.093747615814209,14.0
5.727744102478027,2.0
5.462563991546631,2.0
4.302538871765137,1.0
5.318208694458008,2.0
4.338172435760498,3.0
5.093747615814209,7.0
4.883421897888184,4.0
5.275057792663574,1.0
5.384690284729004,9.0
5.488566875457764,1.0
4.999658584594727,12.0
5.770155906677246,2.0
5.093747615814209,3.0
5.3012261390686035,2.0
4.893029689788818,3.0
4.916929721832275,2.0
5.314291000366211,9.0
5.093747615814209,2.0
5.3012261390686035,71.0
5.4362969398498535,2.0
4.904223442077637,36.0
5.376627445220947,1.0
4.715099811553955,2.0
4.625061988830566,1.0
5.384690284729004,14.999999999999998
5.384690284729004,13.0
4.971214294433594,10.0
4.864617824554443,3.0
5.0258283615112305,14.999999999999998
5.093747615814209,6.0
5.384690284729004,33.0
5.1585259437561035,2.0
5.2310404777526855,7.0
4.358863830566406,7.0
4.703912258148193,3.0
5.093747615814209,2.0
5.255612850189209,2.0
5.384690284729004,8.0
5.314291000366211,1.0
5.275238513946533,3.0
4.999658584594727,3.0
5.462563991546631,8.0
5.028035640716553,19.0
4.687343597412109,1.0
5.4774394035339355,3.0
5.639395236968994,2.0
4.893029689788818,3.0
5.18593168258667,7.0
5.093747615814209,1.0
4.358863830566406,3.0
5.462563991546631,1.0
5.275057792663574,1.0
5.462563991546631,8.0
5.0778069496154785,3.0
5.093747615814209,4.0
5.065648555755615,11.0
5.093747615814209,7.0
5.660438060760498,12.0
5.2310404777526855,10.0
5.680600166320801,1.0
5.762216091156006,1.0
5.035239219665527,1.0
5.019083499908447,2.0
5.230472087860107,1.0
5.314291000366211,5.0
4.487332820892334,1.0
5.314291000366211,1.0
5.093747615814209,2.0
4.212976932525635,2.0
5.4129133224487305,7.0
4.999658584594727,11.0
4.358863830566406,2.0
4.56426477432251,1.0
5.728276252746582,1.0
4.999658584594727,4.0
5.47390079498291,2.0
5.533970832824707,8.0
5.318208694458008,1.0
5.195131778717041,5.0
4.479339122772217,1.0
5.452432632446289,3.0
5.2310404777526855,2.0
5.1402459144592285,9.0
4.245028972625732,2.0
5.396970748901367,2.0
4.292133331298828,1.0
5.028035640716553,2.0
4.715099811553955,4.0
5.384688377380371,14.0
4.511801242828369,1.0
4.931087017059326,11.0
