predicted,real
3.6977970600128174,9.0
-0.12828519940376282,1.0
5.024885177612305,2.0
2.1884231567382812,2.0
-1.4412881135940552,3.0
0.604974091053009,2.0
4.19636869430542,4.0
4.042506694793701,4.0
2.4202773571014404,1.0
7.929831504821777,5.0
5.674959659576416,5.0
7.9599080085754395,50.0
-0.668543815612793,1.0
4.0367889404296875,1.0
7.628781318664551,9.0
3.851961374282837,2.0
6.435420513153076,3.0
-1.5974868535995483,1.0
7.628781318664551,12.0
1.883265495300293,1.0
6.009998798370361,13.0
7.253654479980469,1.0
3.666945695877075,1.0
8.080160140991211,3.0
5.674959659576416,7.0
7.628781318664551,2.0
5.674959659576416,3.0
-0.22207912802696228,1.0
2.296067476272583,1.0
4.0367889404296875,2.0
1.7185051441192627,5.0
0.604974091053009,5.0
0.0054843430407345295,1.0
5.452874183654785,1.0
7.628781318664551,10.0
1.883265495300293,3.0
9.785109519958496,1.0
1.883265495300293,1.0
2.296067476272583,6.0
1.7276536226272583,1.0
7.628781318664551,4.0
4.0367889404296875,2.0
0.053477633744478226,2.0
0.5737501978874207,2.0
5.452874183654785,1.0
-2.2361018657684326,1.0
5.116692066192627,1.0
0.5737501978874207,2.0
0.1617691069841385,1.0
6.009998798370361,7.0
0.1217934861779213,1.0
4.902401447296143,1.0
3.0402584075927734,1.0
6.009998798370361,3.0
2.0462849140167236,2.0
-1.4100452661514282,1.0
1.7185051441192627,2.0
-1.3475526571273804,2.0
1.6965209245681763,2.0
0.1217934861779213,1.0
4.5651021003723145,1.0
-1.4100452661514282,1.0
3.6977970600128174,3.0
5.674959659576416,2.0
0.41176173090934753,1.0
10.260934829711914,14.0
8.380434036254883,5.0
1.8521474599838257,3.0
4.411562919616699,5.0
8.080160140991211,6.0
0.768649160861969,1.0
4.411562919616699,5.0
7.598646640777588,1.0
8.320420265197754,99.0
7.628781318664551,5.0
7.628781318664551,9.0
4.927342891693115,1.0
6.009998798370361,7.0
6.009998798370361,82.0
2.296067476272583,3.0
1.7899060249328613,2.0
4.350105285644531,7.0
-0.28460609912872314,3.0
4.0367889404296875,4.0
7.598646640777588,10.0
3.6977970600128174,1.0
7.628781318664551,12.0
7.9599080085754395,16.0
1.699431300163269,2.0
7.9599080085754395,9.0
7.628781318664551,2.0
6.2143683433532715,2.0
1.7276536226272583,12.0
3.666945695877075,1.0
8.2904052734375,2.0
-1.0350055694580078,1.0
11.971174240112305,43.0
1.7276536226272583,3.0
7.628781318664551,5.0
-0.28460609912872314,1.0
7.9599080085754395,2.0
5.674959659576416,1.0
3.335184097290039,2.0
7.628781318664551,17.0
5.9795684814453125,4.0
3.6977970600128174,2.0
1.6682908535003662,1.0
7.779372692108154,13.0
7.658909320831299,2.0
0.06800530105829239,1.0
4.0367889404296875,1.0
2.171793222427368,1.0
1.883265495300293,2.0
-2.2361018657684326,1.0
10.052900314331055,2.0
7.779372692108154,10.0
1.7276536226272583,3.0
-0.28460609912872314,1.0
4.995153903961182,2.0
0.5737501978874207,1.0
5.674959659576416,11.0
6.040422439575195,23.0
8.620285987854004,4.0
2.8057210445404053,1.0
3.666945695877075,6.0
4.0675787925720215,2.0
6.009998798370361,17.0
12.638763427734375,14.999999999999998
3.0402584075927734,1.0
1.6562354564666748,1.0
4.0367889404296875,2.0
0.380511999130249,1.0
6.009998798370361,12.0
7.9599080085754395,12.0
5.674959659576416,1.0
8.410433769226074,2.0
1.9765827655792236,1.0
7.628781318664551,4.0
5.674959659576416,1.0
-1.4100452661514282,3.0
8.080160140991211,8.0
7.9599080085754395,7.0
0.604974091053009,1.0
8.829895973205566,16.0
0.0054843430407345295,4.0
7.628781318664551,5.0
1.8688024282455444,1.0
3.6977970600128174,1.0
4.411562919616699,4.0
1.7185051441192627,4.0
4.687833309173584,7.0
3.6977970600128174,2.0
1.7276536226272583,1.0
3.6977970600128174,2.0
3.851961374282837,2.0
7.628781318664551,3.0
5.630295276641846,2.0
4.19636869430542,1.0
-0.28460609912872314,1.0
1.7276536226272583,2.0
-0.03449299931526184,1.0
4.8354363441467285,2.0
5.674959659576416,1.0
2.380568504333496,2.0
1.7276536226272583,1.0
5.674959659576416,6.0
8.740093231201172,7.0
5.316507816314697,1.0
7.628781318664551,3.0
3.6977970600128174,4.0
5.024885177612305,3.0
3.666945695877075,1.0
7.9599080085754395,77.0
2.4202773571014404,1.0
5.674959659576416,3.0
2.51339054107666,1.0
-0.28460609912872314,1.0
3.6977970600128174,2.0
7.9599080085754395,8.0
4.411562919616699,2.0
1.883265495300293,1.0
4.182079315185547,1.0
10.003019332885742,2.0
0.604974091053009,5.0
0.604974091053009,2.0
9.36780071258545,12.0
-1.4412881135940552,1.0
8.770030975341797,1.0
4.0367889404296875,5.0
2.0163629055023193,1.0
7.628781318664551,14.0
-4.013530731201172,1.0
5.01066255569458,1.0
6.009998798370361,3.0
-0.12828519940376282,1.0
4.411562919616699,5.0
5.827333927154541,7.0
5.674959659576416,6.0
2.0163629055023193,1.0
0.5737501978874207,2.0
1.9310204982757568,3.0
4.0367889404296875,19.0
6.131661415100098,3.0
2.0163629055023193,9.0
1.7276536226272583,1.0
8.650245666503906,13.0
5.827333927154541,44.0
3.6977970600128174,2.0
7.779372692108154,26.0
4.380837917327881,1.0
1.7899060249328613,1.0
4.00599479675293,1.0
4.0367889404296875,6.0
-1.659941554069519,2.0
4.994273662567139,9.0
3.6977970600128174,3.0
-2.012002944946289,1.0
-1.4100452661514282,5.0
7.628781318664551,3.0
5.674959659576416,1.0
6.465765476226807,4.0
6.009998798370361,12.0
-1.659941554069519,2.0
7.628781318664551,3.0
7.628781318664551,17.0
6.009998798370361,4.0
4.042506694793701,1.0
5.812354564666748,3.0
6.183976173400879,7.0
6.009998798370361,10.0
8.050105094909668,3.0
12.60941219329834,12.0
7.628781318664551,14.999999999999998
-1.4100452661514282,1.0
5.827333927154541,6.0
8.786057472229004,1.0
5.330704212188721,2.0
1.9765827655792236,3.0
3.6977970600128174,3.0
3.6977970600128174,2.0
0.604974091053009,2.0
2.51339054107666,5.0
7.584641456604004,8.0
7.628781318664551,11.0
6.465765476226807,1.0
5.674959659576416,6.0
6.070841312408447,1.0
7.9599080085754395,28.0
6.009998798370361,14.999999999999998
6.009998798370361,13.0
3.851961374282837,1.0
-0.28460609912872314,1.0
7.9599080085754395,6.0
7.628781318664551,5.0
-0.22207912802696228,1.0
6.829470157623291,1.0
4.534404754638672,3.0
0.1217934861779213,2.0
6.405069828033447,11.0
4.288625240325928,3.0
0.371794730424881,2.0
8.770030975341797,4.0
1.7185051441192627,1.0
0.5737501978874207,1.0
0.6658031940460205,1.0
3.8741822242736816,1.0
7.779372692108154,4.0
-1.4100452661514282,3.0
-0.28460609912872314,7.0
3.851961374282837,3.0
4.19636869430542,1.0
0.604974091053009,5.0
6.009998798370361,5.0
-1.2150086164474487,2.0
-0.28460609912872314,1.0
10.06360912322998,14.999999999999998
8.260385513305664,3.0
4.0367889404296875,4.0
5.3776068687438965,2.0
1.7185051441192627,2.0
4.00599479675293,1.0
7.002137660980225,1.0
7.628781318664551,7.0
-2.2984414100646973,1.0
6.009998798370361,3.0
5.674960136413574,10.0
5.644467353820801,5.0
