predicted,real
4.442104816436768,1.0
0.8140900135040283,1.0
6.204683303833008,40.0
3.9553136825561523,1.0
4.3561577796936035,1.0
8.511392593383789,2.0
6.056336879730225,2.0
5.932718276977539,1.0
8.288935661315918,14.0
5.932718276977539,3.0
-0.015577530488371849,3.0
7.490367412567139,5.0
4.654685974121094,9.0
9.252763748168945,2.0
2.62919545173645,1.0
5.932718276977539,2.0
6.229407787322998,2.0
6.353466987609863,14.999999999999998
2.62919545173645,1.0
7.69564151763916,5.0
4.293838024139404,6.0
2.62919545173645,2.0
2.8266656398773193,1.0
2.4095253944396973,1.0
5.322057247161865,1.0
6.582948207855225,2.0
4.170292377471924,1.0
-0.605996310710907,1.0
-2.226466178894043,1.0
5.932718276977539,3.0
4.9265570640563965,3.0
4.9265570640563965,1.0
4.9265570640563965,5.0
7.9675798416137695,3.0
7.69564151763916,1.0
6.204683303833008,7.0
8.288935661315918,2.0
4.170292377471924,1.0
0.8708259463310242,2.0
5.569268703460693,7.0
5.59398889541626,1.0
7.69564151763916,1.0
4.170292377471924,7.0
5.3714985847473145,3.0
0.8708259463310242,2.0
2.62919545173645,1.0
2.7279279232025146,1.0
5.932718276977539,5.0
8.214778900146484,3.0
7.69564151763916,8.0
5.907995223999023,1.0
5.878410339355469,5.0
5.767046928405762,1.0
7.384634017944336,1.0
5.727442264556885,2.0
0.8708259463310242,1.0
7.9675798416137695,26.0
-0.015577530488371849,3.0
-0.4756026566028595,1.0
7.69564151763916,1.0
5.932718276977539,3.0
8.585540771484375,2.0
4.170292377471924,1.0
5.084704399108887,2.0
2.752610683441162,3.0
2.8266656398773193,1.0
6.056336879730225,2.0
-0.6870967745780945,2.0
1.7163498401641846,1.0
2.7279279232025146,5.0
4.442104816436768,10.0
8.066461563110352,8.0
6.575555324554443,1.0
6.204683303833008,1.0
4.331012725830078,1.0
1.7163498401641846,4.0
6.179959297180176,4.0
5.767046928405762,2.0
5.433626651763916,1.0
7.9675798416137695,16.0
6.353466987609863,11.0
1.5930557250976562,1.0
6.204683303833008,11.0
7.69564151763916,5.0
6.872256755828857,1.0
4.145582675933838,1.0
4.728829860687256,1.0
4.170292377471924,1.0
-0.822181224822998,1.0
7.69564151763916,12.0
0.8708259463310242,1.0
8.387807846069336,9.0
-0.2542518973350525,3.0
2.974790573120117,3.0
5.932718276977539,7.0
4.442104816436768,7.0
6.303582191467285,4.0
4.442104816436768,1.0
4.170292377471924,7.0
6.118691921234131,9.0
5.957441806793213,1.0
1.5930557250976562,2.0
2.9674105644226074,1.0
5.932718276977539,1.0
6.345540523529053,2.0
4.170292377471924,3.0
1.4056330919265747,1.0
4.442104816436768,2.0
4.293838024139404,2.0
3.1402454376220703,2.0
6.303582191467285,20.0
0.8708259463310242,7.0
5.907995223999023,1.0
4.886961936950684,1.0
7.8192524909973145,7.0
1.7410091161727905,2.0
6.303582191467285,5.0
6.204683303833008,2.0
6.056336879730225,2.0
1.7163498401641846,1.0
5.59398889541626,3.0
6.328306198120117,8.0
4.170292377471924,1.0
2.62919545173645,2.0
7.69564151763916,5.0
3.905904769897461,1.0
7.8192524909973145,12.0
4.170292377471924,1.0
4.442104816436768,8.0
2.036987781524658,4.0
4.170292377471924,2.0
2.9674105644226074,3.0
7.8192524909973145,44.0
2.62919545173645,2.0
7.8192524909973145,13.0
8.56082534790039,1.0
-0.015577530488371849,1.0
4.7880988121032715,1.0
6.118691921234131,13.0
1.7163498401641846,1.0
2.8266656398773193,3.0
7.69564151763916,4.0
4.170292377471924,3.0
6.056336879730225,2.0
1.7163498401641846,1.0
6.093532085418701,3.0
0.7230201363563538,3.0
4.738667964935303,2.0
1.208441972732544,1.0
6.056336879730225,44.0
-0.21240758895874023,2.0
2.893345594406128,3.0
5.537055969238281,1.0
8.45447063446045,3.0
7.69564151763916,3.0
1.7905522584915161,3.0
-0.015577530488371849,1.0
5.668156147003174,1.0
4.95127534866333,1.0
8.63497257232666,11.0
1.4056330919265747,1.0
6.204683303833008,2.0
4.170292377471924,3.0
-1.7677702903747559,1.0
-0.4756026566028595,1.0
4.728829860687256,2.0
1.2330870628356934,1.0
5.932718276977539,4.0
2.3804283142089844,4.0
0.9545493721961975,2.0
0.8708259463310242,1.0
0.0780206173658371,2.0
7.69564151763916,5.0
6.143416404724121,3.0
5.932718276977539,3.0
4.629971504211426,4.0
0.5013660192489624,3.0
2.60451340675354,1.0
6.204683303833008,14.999999999999998
7.69564151763916,3.0
7.9675798416137695,10.0
2.62919545173645,2.0
5.932718276977539,2.0
4.803194046020508,2.0
4.170292377471924,1.0
7.8815999031066895,59.0
5.932718276977539,4.0
4.170292377471924,1.0
7.69564151763916,2.0
0.907892107963562,3.0
4.442104816436768,2.0
7.69564151763916,11.0
4.763383388519287,2.0
2.62919545173645,1.0
6.204683303833008,19.0
0.7476505637168884,1.0
2.7279279232025146,3.0
9.623342514038086,10.0
4.170292377471924,1.0
5.050146579742432,1.0
5.932718276977539,14.0
2.3878066539764404,5.0
-0.8345769047737122,3.0
4.442104816436768,10.0
5.932718276977539,1.0
4.293838024139404,1.0
4.442104816436768,5.0
4.170292377471924,1.0
0.8708259463310242,2.0
6.056336879730225,6.0
4.629971504211426,2.0
7.9675798416137695,71.0
5.932718276977539,1.0
6.204683303833008,29.999999999999996
5.932718276977539,5.0
7.9675798416137695,7.0
-0.7116820812225342,1.0
7.69564151763916,5.0
7.720364093780518,1.0
4.293838024139404,1.0
7.69564151763916,12.0
6.204683303833008,7.0
0.07066599279642105,1.0
6.271366119384766,1.0
4.573055744171143,1.0
8.503904342651367,1.0
2.4095253944396973,1.0
2.691009998321533,1.0
2.752610683441162,1.0
5.932718276977539,1.0
4.145582675933838,1.0
4.654685974121094,1.0
8.239498138427734,4.0
7.9675798416137695,32.0
6.204683303833008,3.0
0.8708259463310242,1.0
7.9675798416137695,116.99999999999999
5.445660591125488,2.0
6.08845329284668,1.0
1.7163498401641846,2.0
7.9675798416137695,19.0
4.170292377471924,2.0
-0.015577530488371849,3.0
4.442104816436768,1.0
5.957441806793213,3.0
7.69564151763916,29.999999999999996
-0.8345769047737122,1.0
3.197011709213257,2.0
2.62919545173645,1.0
7.69564151763916,3.0
2.752610683441162,1.0
6.056336879730225,12.0
2.62919545173645,4.0
5.050146579742432,10.0
1.2330870628356934,4.0
3.048861026763916,7.0
5.932718276977539,4.0
5.668156147003174,2.0
5.215687274932861,4.0
6.847532272338867,1.0
2.8439714908599854,2.0
1.7163498401641846,1.0
-2.226466178894043,1.0
6.204683303833008,9.0
6.204683303833008,7.0
8.066461563110352,9.0
2.752610683441162,2.0
4.170292377471924,1.0
2.5723516941070557,1.0
4.728829860687256,1.0
5.932718276977539,5.0
7.69564151763916,2.0
7.856878280639648,12.0
5.907995223999023,5.0
2.62919545173645,3.0
4.145582675933838,1.0
4.145582675933838,4.0
0.6737570762634277,1.0
6.204683303833008,6.0
6.236799716949463,6.0
7.69564151763916,3.0
4.293838024139404,1.0
7.942859172821045,4.0
-0.5395904183387756,1.0
2.4095263481140137,2.0
6.204683303833008,22.0
2.6291956901550293,1.0
