predicted,real
5.4693603515625,2.0
4.816313743591309,11.0
3.928192377090454,3.0
5.314312934875488,50.0
4.026192665100098,1.0
5.06451940536499,25.0
4.306216716766357,4.0
5.4947509765625,4.0
5.520089626312256,12.0
4.8531928062438965,1.0
3.9094154834747314,1.0
5.213724613189697,20.0
5.20176887512207,22.0
5.513363361358643,2.0
5.538658142089844,3.0
4.663343906402588,1.0
4.585509777069092,2.0
4.081820011138916,12.0
4.931992053985596,3.0
5.520089626312256,8.0
5.426812648773193,7.0
5.314312934875488,116.99999999999999
4.816313743591309,1.0
4.7857866287231445,2.0
5.232468128204346,1.0
5.401315689086914,26.0
4.563098907470703,1.0
4.029757022857666,1.0
5.030312538146973,1.0
4.884184837341309,2.0
5.28875207901001,17.0
5.072446346282959,2.0
4.041895866394043,1.0
5.401315689086914,2.0
5.108388900756836,4.0
5.5014872550964355,2.0
3.8530638217926025,2.0
5.426812648773193,12.0
5.488010883331299,2.0
5.4693603515625,5.0
5.450684070587158,1.0
5.28875207901001,7.0
4.306216716766357,1.0
4.0603837966918945,1.0
5.520089626312256,3.0
3.8818609714508057,2.0
4.540899276733398,2.0
3.8224868774414062,1.0
5.251222610473633,1.0
5.4693603515625,4.0
5.18687105178833,3.0
5.4693603515625,3.0
5.104465007781982,2.0
5.774511814117432,36.0
5.07915735244751,1.0
4.0603837966918945,1.0
5.28875207901001,7.0
4.0462517738342285,3.0
5.314312934875488,12.0
5.4947509765625,2.0
5.4947509765625,14.0
5.401315689086914,1.0
4.884184837341309,2.0
4.016473770141602,1.0
5.520089626312256,24.0
4.081820011138916,4.0
5.4693603515625,3.0
5.5014872550964355,3.0
5.476109504699707,1.0
5.520089626312256,14.999999999999998
4.563098907470703,1.0
4.052831649780273,1.0
5.375792503356934,5.0
5.26319694519043,5.0
4.032502174377441,2.0
5.101658344268799,2.0
4.859679222106934,4.0
4.078530788421631,1.0
5.314312934875488,31.000000000000004
3.9498867988586426,5.0
4.884184837341309,5.0
5.520089626312256,4.0
5.4947509765625,2.0
5.28875207901001,33.0
3.9510915279388428,2.0
5.520089626312256,1.0
4.032502174377441,1.0
5.4947509765625,9.0
5.28875207901001,19.0
5.4693603515625,1.0
4.081820011138916,2.0
5.28875207901001,3.0
5.659538745880127,3.0
4.8531928062438965,1.0
4.5571818351745605,1.0
5.009093284606934,1.0
3.9046428203582764,1.0
5.26319694519043,1.0
4.60209846496582,1.0
4.579535961151123,1.0
4.585509777069092,5.0
5.520089626312256,10.0
4.585509777069092,2.0
4.039758205413818,6.0
5.520089626312256,2.0
4.585509777069092,2.0
5.4947509765625,2.0
5.4693603515625,1.0
5.4693603515625,2.0
4.067139148712158,1.0
5.314312934875488,232.0
5.4693603515625,1.0
5.4693603515625,3.0
3.9325778484344482,3.0
5.4947509765625,4.0
4.018507957458496,1.0
5.520089626312256,4.0
4.584273338317871,1.0
4.022008895874023,2.0
5.4693603515625,7.0
5.520089626312256,17.0
5.28875207901001,29.999999999999996
4.552664756774902,3.0
5.333082675933838,1.0
4.931992053985596,6.0
5.520089626312256,2.0
5.488010883331299,1.0
5.060611724853516,3.0
4.0603837966918945,3.0
4.067139148712158,1.0
4.220790386199951,1.0
5.104465007781982,2.0
5.4947509765625,6.0
4.809887409210205,5.0
5.520089626312256,4.0
4.585509777069092,2.0
4.605607986450195,1.0
5.520089626312256,5.0
4.6223297119140625,1.0
4.384011268615723,2.0
4.835300922393799,1.0
4.081820011138916,2.0
5.375792503356934,1.0
5.314312934875488,32.0
5.030312538146973,1.0
5.4439239501953125,1.0
5.030312538146973,1.0
4.077883720397949,2.0
5.072446346282959,3.0
5.314312934875488,13.0
5.488010883331299,2.0
5.307523250579834,1.0
4.570910930633545,2.0
5.333082675933838,5.0
4.092840194702148,3.0
5.072469234466553,4.0
4.238741397857666,2.0
4.034383296966553,1.0
4.980194091796875,1.0
5.513363361358643,4.0
4.563098907470703,1.0
5.28875207901001,40.0
5.520089626312256,5.0
4.016473770141602,2.0
5.00521183013916,1.0
4.081820011138916,1.0
4.081820011138916,1.0
4.563098907470703,3.0
4.381762504577637,1.0
4.081820011138916,1.0
4.361629486083984,3.0
5.462606906890869,1.0
5.232468128204346,3.0
5.052697658538818,3.0
4.081820011138916,1.0
4.585509777069092,4.0
3.949413537979126,3.0
3.926657199859619,7.0
4.523674488067627,2.0
4.032502174377441,3.0
5.009093284606934,1.0
4.884184837341309,2.0
4.00137996673584,1.0
4.081820011138916,2.0
4.540899276733398,2.0
4.835300922393799,1.0
4.496116638183594,1.0
4.884184837341309,4.0
5.53293514251709,4.0
5.127017021179199,1.0
5.26319694519043,1.0
4.262597560882568,1.0
4.067139148712158,1.0
5.4947509765625,4.0
3.830570936203003,1.0
4.077883720397949,2.0
5.513363361358643,1.0
4.0462517738342285,1.0
5.4693603515625,1.0
5.4693603515625,3.0
4.039758205413818,7.0
4.067139148712158,1.0
4.081820011138916,1.0
3.9894871711730957,2.0
3.845074415206909,1.0
4.093504428863525,3.0
5.401315689086914,1.0
4.361629486083984,3.0
3.9477474689483643,1.0
4.052831649780273,1.0
6.257721900939941,11.0
4.067139148712158,3.0
5.237653732299805,1.0
5.464198112487793,5.0
5.4693603515625,1.0
4.444759368896484,7.0
4.961881160736084,1.0
4.866176128387451,1.0
3.878260374069214,3.0
5.4693603515625,16.0
4.60209846496582,1.0
4.039758205413818,3.0
4.067139148712158,1.0
5.239250183105469,33.0
5.26319694519043,2.0
5.401315689086914,2.0
4.432597637176514,14.999999999999998
5.28875207901001,11.0
5.4947509765625,7.0
4.603096008300781,1.0
4.039758205413818,5.0
5.4693603515625,1.0
5.326293468475342,1.0
4.575965404510498,4.0
5.4439239501953125,1.0
3.9465599060058594,1.0
4.639150619506836,3.0
5.4947509765625,14.0
5.009093284606934,2.0
4.841763973236084,2.0
5.520089626312256,4.0
5.28875207901001,8.0
5.520089626312256,4.0
4.639150619506836,1.0
5.4947509765625,6.0
6.555294990539551,1.0
4.792173862457275,1.0
5.26319694519043,4.0
4.579535961151123,4.0
5.269984722137451,23.0
4.029757022857666,1.0
4.295135498046875,10.0
3.919962167739868,1.0
4.496116638183594,1.0
5.520089626312256,2.0
5.26319694519043,1.0
4.029757022857666,2.0
5.476109504699707,1.0
3.9574508666992188,3.0
5.426812648773193,10.0
5.4947509765625,2.0
5.07915735244751,12.0
4.001013278961182,3.0
4.563098907470703,1.0
4.572494029998779,3.0
4.395816326141357,1.0
5.476109504699707,1.0
4.363845348358154,1.0
5.276773452758789,4.0
5.520089626312256,3.0
3.9574508666992188,2.0
5.26319694519043,5.0
5.035419464111328,1.0
4.789793014526367,4.0
5.520089626312256,5.0
5.520089626312256,5.0
5.314312934875488,77.0
5.28875207901001,10.0
4.8303656578063965,7.0
5.26319694519043,4.0
5.4947509765625,3.0
4.363845348358154,1.0
4.60209846496582,4.0
4.039758205413818,1.0
5.26319694519043,7.0
5.520089149475098,17.0
5.488010883331299,3.0
