predicted,real
4.463449001312256,2.0
2.9058830738067627,1.0
7.004115104675293,1.0
6.084171772003174,2.0
6.084171772003174,5.0
8.416897773742676,1.0
4.3105788230896,1.0
5.3506903648376465,5.0
6.707469463348389,9.0
4.928989410400391,1.0
5.45237922668457,16.0
4.276828289031982,4.0
6.230014801025391,76.0
7.004115104675293,1.0
5.45237922668457,8.0
3.4361767768859863,2.0
7.573491096496582,1.0
3.3487043380737305,1.0
4.128620624542236,2.0
2.6490113735198975,1.0
5.726518630981445,1.0
5.5071916580200195,1.0
2.6692135334014893,1.0
2.6490113735198975,1.0
7.0971245765686035,2.0
5.376138210296631,26.0
6.433839321136475,1.0
3.4361767768859863,3.0
3.742708683013916,3.0
6.084171772003174,1.0
7.0971245765686035,2.0
5.821560382843018,16.0
5.7010178565979,2.0
6.9696574211120605,8.0
4.575260639190674,2.0
7.0971245765686035,21.0
4.158612251281738,2.0
5.128398895263672,1.0
5.376138210296631,4.0
5.312475681304932,4.0
3.48791241645813,3.0
6.927907466888428,9.0
1.4381461143493652,1.0
6.230014801025391,2.0
6.084171772003174,5.0
6.05464506149292,12.0
6.927907466888428,1.0
6.927907466888428,1.0
4.276828289031982,5.0
5.60473108291626,13.0
4.296045780181885,2.0
5.312475681304932,12.0
3.758955717086792,2.0
6.230014801025391,8.0
7.4541754722595215,2.0
5.312475681304932,11.0
7.0971245765686035,2.0
3.62742018699646,2.0
5.312475681304932,4.0
6.9696574211120605,5.0
4.561395645141602,2.0
6.912806510925293,2.0
2.6692135334014893,2.0
6.927907466888428,8.0
2.6692135334014893,7.0
6.084171772003174,1.0
6.927907466888428,1.0
4.276828289031982,5.0
5.098468780517578,4.0
4.491603851318359,1.0
6.084171772003174,4.0
4.496063232421875,1.0
6.084171772003174,7.0
6.084171772003174,5.0
3.4361767768859863,4.0
6.927907466888428,1.0
3.3487043380737305,2.0
2.6490113735198975,1.0
3.3487043380737305,2.0
4.42546272277832,1.0
3.6399030685424805,7.0
3.4361767768859863,1.0
7.0971245765686035,2.0
6.230014801025391,33.0
4.955266952514648,5.0
3.935253143310547,1.0
4.349371910095215,1.0
5.915323257446289,43.0
4.029293060302734,4.0
6.084171772003174,2.0
6.927907466888428,5.0
5.312475681304932,4.0
6.283760070800781,20.0
5.45237922668457,19.0
3.4361767768859863,4.0
3.3487043380737305,1.0
3.758955717086792,1.0
6.766724586486816,2.0
4.368320941925049,1.0
7.321276664733887,1.0
6.927907466888428,2.0
5.890436172485352,14.999999999999998
3.758955717086792,2.0
7.0971245765686035,7.0
6.084171772003174,3.0
5.45237922668457,10.0
5.477771759033203,8.0
2.546806573867798,1.0
3.572937488555908,1.0
4.752695560455322,1.0
5.354736328125,1.0
5.668305397033691,9.0
4.320469856262207,3.0
6.927907466888428,3.0
4.3105788230896,3.0
6.927907466888428,1.0
7.9498372077941895,4.0
6.707469463348389,3.0
6.230014801025391,1.0
4.276828289031982,5.0
6.361758708953857,2.0
4.222754955291748,3.0
3.3487043380737305,1.0
6.927907466888428,1.0
5.312475681304932,3.0
6.084171772003174,4.0
8.298311233520508,2.0
5.137194633483887,3.0
6.927907466888428,7.0
6.230014801025391,1.0
3.418804168701172,3.0
3.758955717086792,3.0
9.122149467468262,1.0
6.150130748748779,2.0
4.516003608703613,3.0
6.084171772003174,3.0
5.45237922668457,3.0
6.927907466888428,1.0
4.994533538818359,1.0
5.443716049194336,3.0
6.230014801025391,13.0
3.572937488555908,1.0
8.144261360168457,1.0
3.935253143310547,1.0
7.112794876098633,1.0
3.3487043380737305,5.0
6.230014801025391,5.0
2.7094006538391113,3.0
4.363761901855469,2.0
2.6490113735198975,2.0
2.775428533554077,1.0
7.0971245765686035,2.0
3.3487043380737305,2.0
5.955488681793213,5.0
4.638183116912842,1.0
9.20053768157959,1.0
5.128398895263672,1.0
2.8879528045654297,5.0
5.426978588104248,4.0
4.3105788230896,4.0
4.382664680480957,1.0
6.230014801025391,3.0
5.45237922668457,2.0
3.758955717086792,1.0
7.004115104675293,4.0
2.9058830738067627,4.0
6.420042991638184,3.0
5.312475681304932,3.0
5.503158092498779,16.0
7.987208843231201,2.0
7.0971245765686035,1.0
7.0971245765686035,1.0
5.312475681304932,1.0
6.927907466888428,3.0
2.6692135334014893,2.0
6.071043491363525,2.0
4.994533538818359,3.0
3.4361767768859863,5.0
4.9256911277771,1.0
5.085533618927002,1.0
4.247529983520508,4.0
5.299723148345947,1.0
6.230014801025391,10.0
6.230014801025391,40.0
6.084171772003174,5.0
5.532577037811279,1.0
5.307830333709717,1.0
6.084171772003174,1.0
4.496063232421875,1.0
6.084171772003174,1.0
6.0106892585754395,1.0
6.084171772003174,4.0
3.572937488555908,8.0
6.692986488342285,9.0
3.3487043380737305,3.0
6.150130748748779,1.0
5.085533618927002,3.0
5.45237922668457,26.0
4.3105788230896,1.0
7.288615703582764,2.0
7.987208843231201,3.0
5.503158092498779,9.0
6.707469463348389,5.0
5.043367862701416,2.0
3.418804168701172,1.0
5.265481948852539,2.0
3.3487043380737305,4.0
5.312475681304932,5.0
2.8879528045654297,2.0
4.3105788230896,1.0
6.912806510925293,2.0
5.477771759033203,26.0
5.312475681304932,3.0
6.338842391967773,2.0
5.312475681304932,3.0
6.230014801025391,7.0
6.204239845275879,6.0
6.927907466888428,1.0
5.7831292152404785,7.0
5.45237922668457,13.0
7.0971245765686035,1.0
7.0971245765686035,1.0
4.3105788230896,2.0
7.004115104675293,2.0
5.376138210296631,7.0
6.071043491363525,5.0
2.6692135334014893,4.0
4.942139625549316,1.0
7.317163467407227,2.0
6.168487548828125,2.0
5.9489426612854,2.0
6.230014801025391,17.0
5.867407321929932,1.0
3.331028699874878,1.0
3.758955717086792,4.0
6.084171772003174,1.0
6.084171772003174,6.0
6.230014801025391,5.0
6.927907466888428,16.0
6.150130748748779,12.0
6.230014801025391,14.0
3.48791241645813,1.0
7.004115104675293,1.0
6.406286239624023,11.0
4.291416168212891,1.0
6.127880573272705,1.0
5.45237922668457,24.0
5.312475681304932,1.0
6.24341344833374,23.0
4.296045780181885,2.0
6.127880573272705,1.0
6.927907466888428,1.0
5.854546070098877,1.0
7.288615703582764,1.0
4.533579349517822,1.0
6.084171772003174,11.0
5.312475681304932,17.0
3.331028699874878,3.0
5.312475681304932,12.0
5.128398895263672,2.0
2.6692135334014893,5.0
6.433839321136475,2.0
5.6301469802856445,5.0
3.4361767768859863,1.0
6.230014801025391,14.0
4.6303815841674805,4.0
5.128398895263672,1.0
3.4361767768859863,2.0
5.532577037811279,4.0
5.642862796783447,3.0
2.8879528045654297,1.0
6.927907466888428,4.0
3.3487043380737305,1.0
4.339529037475586,3.0
5.376138210296631,14.0
4.368320941925049,8.0
7.081493377685547,1.0
2.944308042526245,2.0
6.927907466888428,7.0
7.004115104675293,1.0
5.299723148345947,1.0
3.94976544380188,2.0
5.795929908752441,1.0
5.503158092498779,2.0
4.193145751953125,1.0
2.709411144256592,1.0
4.994535446166992,1.0
