predicted,real
4.847332954406738,27.0
5.1498188972473145,3.0
1.7407485246658325,4.0
3.440378427505493,2.0
1.7407485246658325,2.0
4.680732727050781,14.0
5.1498188972473145,10.0
5.464797019958496,4.0
1.9764243364334106,1.0
4.680732727050781,1.0
1.846732497215271,2.0
5.809621810913086,4.0
5.493616104125977,2.0
5.3676276206970215,2.0
5.777370929718018,6.0
1.7407485246658325,3.0
5.557196140289307,1.0
5.809621810913086,4.0
4.7144317626953125,2.0
4.680732727050781,5.0
5.557196140289307,1.0
5.53392219543457,1.0
1.8610687255859375,2.0
2.7083542346954346,2.0
4.680732727050781,5.0
1.7910012006759644,1.0
4.680732727050781,5.0
5.678591728210449,1.0
2.481774091720581,1.0
2.096116304397583,1.0
4.680732727050781,5.0
3.168403387069702,4.0
2.136890411376953,3.0
3.8622281551361084,1.0
4.35800313949585,1.0
1.7832201719284058,1.0
5.755959510803223,8.0
4.680732727050781,1.0
1.8346564769744873,2.0
3.168403387069702,6.0
1.9143396615982056,5.0
5.410626411437988,1.0
4.680732727050781,2.0
1.745240569114685,4.0
1.8610687255859375,1.0
1.9365993738174438,1.0
4.680732727050781,6.0
4.680732727050781,5.0
2.136890411376953,1.0
2.7083542346954346,4.0
5.163451671600342,8.0
2.5088791847229004,1.0
5.5685319900512695,3.0
5.511325836181641,2.0
2.096116304397583,1.0
5.809621810913086,7.0
3.220285415649414,3.0
6.168455600738525,2.0
3.978288173675537,1.0
5.5685319900512695,1.0
5.464797019958496,82.0
5.333656311035156,3.0
4.303569316864014,1.0
2.179549217224121,5.0
2.065845012664795,1.0
6.165938854217529,4.0
5.008583068847656,5.0
1.7407485246658325,1.0
6.0737528800964355,3.0
5.557196140289307,4.0
4.680732727050781,4.0
5.163451671600342,16.0
5.1498188972473145,1.0
1.7407485246658325,3.0
6.024869441986084,43.0
5.464797019958496,4.0
2.81549334526062,5.0
1.8610687255859375,4.0
3.6341116428375244,1.0
1.8346564769744873,2.0
5.298001289367676,3.0
4.680732727050781,9.0
2.096116304397583,2.0
5.040099620819092,77.0
5.809621810913086,2.0
5.008583068847656,4.0
4.680732727050781,9.0
4.680732727050781,2.0
5.678591728210449,1.0
4.847332954406738,14.0
2.096116304397583,2.0
5.1498188972473145,3.0
5.5685319900512695,5.0
5.298001289367676,1.0
1.8610687255859375,1.0
1.7424399852752686,1.0
1.8346564769744873,5.0
5.7829790115356445,1.0
5.040099620819092,12.0
5.678591728210449,3.0
4.847332954406738,1.0
1.7522794008255005,1.0
5.163451671600342,2.0
1.8346564769744873,7.0
5.464797019958496,10.0
1.8865808248519897,1.0
4.680732727050781,1.0
5.809621810913086,1.0
5.860138893127441,1.0
3.0367960929870605,3.0
5.557196140289307,2.0
2.750643730163574,1.0
5.531675815582275,1.0
5.1192755699157715,11.0
1.8346564769744873,7.0
3.0367960929870605,1.0
5.557196140289307,2.0
4.680732727050781,4.0
5.809621810913086,8.0
5.958007335662842,3.0
5.450032711029053,4.0
1.7538524866104126,2.0
3.6341116428375244,1.0
1.8865808248519897,1.0
4.680732727050781,4.0
1.9290549755096436,3.0
1.8865808248519897,3.0
2.6262714862823486,1.0
1.7910012006759644,2.0
2.3934085369110107,1.0
5.678591728210449,2.0
5.464797019958496,13.0
5.1498188972473145,5.0
5.98993444442749,2.0
1.846732497215271,3.0
5.298001289367676,6.0
3.6305551528930664,3.0
3.8622281551361084,1.0
2.750643730163574,1.0
5.678591728210449,6.0
1.8610687255859375,1.0
3.846273183822632,1.0
6.13740873336792,2.0
4.680732727050781,17.0
1.846732497215271,1.0
5.1498188972473145,2.0
1.7394087314605713,2.0
5.809621810913086,5.0
2.0357987880706787,1.0
4.02670431137085,1.0
5.310927867889404,7.0
6.178667068481445,10.0
5.58231258392334,1.0
6.168048858642578,1.0
2.649690866470337,1.0
5.040099620819092,17.0
6.152650356292725,2.0
4.7144317626953125,3.0
2.7083542346954346,1.0
5.163451671600342,6.0
5.011353015899658,1.0
5.557196140289307,1.0
4.680732727050781,12.0
5.040099620819092,50.0
4.646859645843506,1.0
5.463199138641357,1.0
1.773727536201477,2.0
5.1192755699157715,2.0
2.9867210388183594,3.0
5.464797019958496,13.0
1.8346564769744873,3.0
4.680732727050781,14.999999999999998
4.680732727050781,9.0
1.9290549755096436,3.0
2.798637866973877,3.0
1.7910012006759644,1.0
1.9182164669036865,2.0
5.298001289367676,32.0
2.179549217224121,1.0
1.8346564769744873,2.0
5.1498188972473145,6.0
4.680732727050781,2.0
5.040099620819092,31.000000000000004
5.678591728210449,4.0
2.481774091720581,1.0
5.464797019958496,7.0
5.1192755699157715,1.0
5.958007335662842,2.0
3.318408250808716,9.0
1.7584103345870972,2.0
2.7083542346954346,3.0
5.298001289367676,7.0
2.4255404472351074,3.0
2.6788642406463623,3.0
6.160533428192139,3.0
2.257434368133545,1.0
3.220285415649414,2.0
5.448642730712891,6.0
5.1498188972473145,2.0
4.680732727050781,1.0
2.5923385620117188,3.0
1.9290549755096436,1.0
3.842677354812622,2.0
1.8610687255859375,1.0
2.328062057495117,1.0
4.680732727050781,3.0
5.464797019958496,76.0
1.9871256351470947,1.0
3.301191806793213,2.0
6.0737528800964355,3.0
4.680732727050781,3.0
5.121957302093506,1.0
2.7849459648132324,12.0
1.7463403940200806,2.0
3.1351876258850098,1.0
6.171842098236084,3.0
4.847332954406738,26.0
2.7083542346954346,5.0
5.1192755699157715,5.0
1.8346564769744873,1.0
1.846732497215271,1.0
3.220285415649414,1.0
2.076451539993286,2.0
1.9764243364334106,1.0
2.0106499195098877,1.0
3.2691714763641357,4.0
3.0217807292938232,1.0
5.1498188972473145,10.0
1.846732497215271,2.0
6.03825044631958,1.0
1.846732497215271,1.0
2.486863613128662,3.0
1.7723790407180786,1.0
6.091433525085449,12.0
3.003816843032837,1.0
2.7083542346954346,2.0
5.040099620819092,7.0
5.809621810913086,1.0
4.680732727050781,14.999999999999998
5.777370929718018,11.0
5.464797019958496,33.0
5.1330366134643555,1.0
1.9143396615982056,2.0
5.531675815582275,1.0
5.765635013580322,1.0
2.7083542346954346,2.0
5.531675815582275,1.0
1.8491742610931396,1.0
5.809621810913086,1.0
3.42484712600708,1.0
1.9290549755096436,2.0
2.0852339267730713,3.0
4.290836811065674,3.0
4.847332954406738,28.0
6.102778911590576,2.0
2.328062057495117,3.0
2.273005962371826,2.0
2.9088058471679688,1.0
2.829314947128296,3.0
2.486863613128662,3.0
5.809621810913086,2.0
3.842677354812622,1.0
5.008583068847656,1.0
4.680732727050781,2.0
2.4027059078216553,9.0
6.175384521484375,1.0
5.040099620819092,6.0
2.7083542346954346,2.0
5.1498188972473145,1.0
5.1498188972473145,2.0
5.464797019958496,16.0
2.481774091720581,1.0
4.649829387664795,1.0
3.8622281551361084,1.0
5.1498188972473145,9.0
2.2703158855438232,1.0
1.8346564769744873,7.0
6.001943588256836,12.0
5.678591728210449,4.0
2.065845012664795,1.0
3.9688401222229004,1.0
2.6208536624908447,1.0
5.809621810913086,2.0
3.168403387069702,3.0
5.149819374084473,4.0
5.149819374084473,8.0
3.135188102722168,1.0
