predicted,real
7.563462257385254,5.0
2.357325315475464,1.0
7.225019931793213,3.0
8.36580753326416,2.0
7.563462257385254,4.0
5.5210723876953125,2.0
6.225085735321045,2.0
5.919206619262695,1.0
2.357325315475464,4.0
6.681692600250244,1.0
3.793299913406372,1.0
7.319150447845459,99.0
4.024343490600586,1.0
1.8740599155426025,2.0
7.045438766479492,76.0
8.41364860534668,6.0
4.977931976318359,6.0
6.666086673736572,7.0
6.851169586181641,2.0
2.6012191772460938,2.0
7.092223167419434,4.0
1.0841175317764282,1.0
2.4628329277038574,1.0
7.563462257385254,2.0
3.7096939086914062,2.0
1.4384247064590454,1.0
1.7473782300949097,1.0
6.77412748336792,1.0
1.7473782300949097,1.0
6.497889995574951,1.0
2.357325315475464,1.0
4.8135786056518555,3.0
7.51609468460083,1.0
3.4973411560058594,5.0
4.024343490600586,2.0
1.4384247064590454,1.0
2.904175281524658,3.0
7.327121734619141,2.0
2.357325315475464,3.0
8.41364860534668,14.0
5.477911472320557,7.0
6.859029769897461,5.0
4.755767345428467,5.0
7.327121734619141,32.0
2.000016927719116,1.0
2.000016927719116,1.0
2.3005669116973877,1.0
5.012365341186523,3.0
8.41364860534668,14.999999999999998
7.045438766479492,13.0
6.727865219116211,8.0
7.563462257385254,1.0
6.3988447189331055,3.0
7.563462257385254,14.0
3.1632843017578125,2.0
7.888145923614502,77.0
8.41364860534668,4.0
7.563462257385254,10.0
4.806684494018555,3.0
6.727865219116211,1.0
3.9035208225250244,2.0
3.254899501800537,1.0
1.8740599155426025,3.0
2.9780898094177246,2.0
11.85428524017334,8.0
8.41364860534668,1.0
4.058720588684082,3.0
8.41364860534668,3.0
0.02281060442328453,1.0
7.563462257385254,7.0
8.41364860534668,4.0
8.41364860534668,8.0
3.5322818756103516,1.0
5.738885879516602,1.0
3.5322818756103516,1.0
7.888145923614502,26.0
6.727865219116211,2.0
1.5899226665496826,1.0
1.7473782300949097,1.0
4.058720588684082,2.0
5.434883117675781,1.0
2.357325315475464,1.0
1.7976131439208984,1.0
11.85428524017334,11.0
1.7724169492721558,8.0
3.4973411560058594,1.0
8.41364860534668,4.0
6.620030403137207,4.0
3.5322818756103516,1.0
2.21665620803833,3.0
7.327121734619141,1.0
7.6108784675598145,5.0
3.5322818756103516,1.0
7.6108784675598145,5.0
11.720037460327148,1.0
8.41364860534668,1.0
6.727865219116211,3.0
5.695064544677734,1.0
1.2142229080200195,1.0
7.084301471710205,9.0
2.21665620803833,4.0
5.919206619262695,1.0
5.3919901847839355,35.0
4.515330791473389,4.0
8.41364860534668,11.0
6.7122273445129395,2.0
7.045438766479492,10.0
2.357325315475464,5.0
3.5322818756103516,2.0
7.045438766479492,33.0
4.446412563323975,1.0
7.935811996459961,5.0
6.727865219116211,1.0
6.225085735321045,1.0
4.2870707511901855,1.0
7.045438766479492,10.0
3.254899501800537,1.0
1.4384247064590454,1.0
6.353336334228516,2.0
1.8740599155426025,1.0
7.563462257385254,6.0
7.6108784675598145,2.0
0.24193085730075836,1.0
1.5699727535247803,1.0
2.8411710262298584,2.0
7.697798252105713,1.0
1.8740599155426025,2.0
2.21665620803833,3.0
2.1342241764068604,3.0
6.225085735321045,2.0
6.497889995574951,2.0
7.935811996459961,1.0
8.41364860534668,4.0
7.045438766479492,22.0
8.41364860534668,4.0
7.888145923614502,12.0
2.000016927719116,1.0
7.563462257385254,4.0
7.888145923614502,16.0
1.7182673215866089,2.0
4.64495325088501,1.0
2.357325315475464,1.0
4.226607322692871,1.0
4.565046310424805,3.0
7.888145923614502,8.0
1.094544768333435,2.0
7.045438766479492,16.0
5.3919901847839355,2.0
7.037527084350586,3.0
5.738885879516602,3.0
5.720374584197998,12.0
6.727865219116211,1.0
3.730506181716919,7.0
8.349392890930176,3.0
7.563462257385254,3.0
7.716679573059082,2.0
5.5894646644592285,14.999999999999998
6.225085735321045,2.0
6.225085735321045,1.0
3.4973411560058594,5.0
2.3005669116973877,1.0
8.174529075622559,13.0
3.5553336143493652,1.0
4.651748180389404,3.0
6.859029769897461,3.0
6.225085735321045,2.0
7.413510322570801,1.0
4.604925155639648,9.0
3.5322818756103516,3.0
5.5210723876953125,2.0
8.41364860534668,3.0
7.327121734619141,1.0
7.563462257385254,4.0
1.7724169492721558,8.0
7.327121734619141,2.0
7.888145923614502,1.0
7.045438766479492,8.0
6.225085735321045,8.0
2.21665620803833,1.0
2.904175281524658,2.0
7.045438766479492,82.0
3.5322818756103516,1.0
6.225085735321045,4.0
7.563462257385254,14.0
5.738885879516602,2.0
6.225085735321045,10.0
7.045438766479492,10.0
3.4973411560058594,1.0
6.77412748336792,3.0
1.0841175317764282,2.0
1.888950228691101,1.0
7.045438766479492,7.0
2.904175281524658,1.0
2.357325315475464,1.0
1.8998305797576904,2.0
13.17537784576416,12.0
6.44444465637207,6.0
8.07897663116455,5.0
6.179980754852295,1.0
2.21665620803833,2.0
7.563462257385254,13.0
4.210193634033203,2.0
1.7724169492721558,5.0
6.44444465637207,3.0
8.41364860534668,1.0
8.41364860534668,5.0
7.563462257385254,16.0
7.327121734619141,21.0
7.327121734619141,26.0
8.41364860534668,12.0
3.808171510696411,1.0
7.045438766479492,3.0
4.381352424621582,1.0
4.468720436096191,4.0
4.977931976318359,3.0
6.77412748336792,1.0
7.51609468460083,1.0
3.4973411560058594,3.0
4.4597249031066895,4.0
7.045438766479492,9.0
3.685497760772705,4.0
2.357325315475464,1.0
7.045438766479492,4.0
1.7724169492721558,1.0
7.563462257385254,7.0
1.8954731225967407,7.0
5.17963171005249,1.0
5.727787971496582,5.0
2.357325315475464,1.0
5.144705772399902,12.0
1.4384247064590454,1.0
5.691404342651367,1.0
6.77412748336792,6.0
6.3988447189331055,3.0
7.888145923614502,29.999999999999996
1.8740599155426025,7.0
6.727865219116211,2.0
6.3610334396362305,2.0
5.0922160148620605,1.0
4.4597249031066895,2.0
5.144705772399902,14.999999999999998
6.270297050476074,1.0
6.905516624450684,3.0
1.8740599155426025,2.0
6.952083110809326,1.0
7.563462257385254,7.0
7.935811996459961,3.0
3.4973411560058594,4.0
2.357325315475464,1.0
4.3358612060546875,2.0
2.21665620803833,1.0
8.41364860534668,6.0
5.246270656585693,3.0
2.357325315475464,1.0
5.5210723876953125,2.0
2.357325315475464,1.0
8.41364860534668,4.0
7.045438766479492,14.0
4.977931976318359,1.0
7.563462257385254,2.0
8.41364860534668,1.0
7.563462257385254,5.0
8.174529075622559,6.0
2.578479766845703,5.0
4.53205680847168,5.0
6.225085735321045,2.0
7.51609468460083,1.0
1.8998305797576904,1.0
5.17963171005249,1.0
8.174529075622559,3.0
7.888145923614502,6.0
7.888145923614502,4.0
8.41364860534668,2.0
1.0841175317764282,1.0
7.327121734619141,6.0
5.915411472320557,1.0
1.399560809135437,2.0
7.327121734619141,7.0
2.000016927719116,1.0
6.727865219116211,2.0
0.8959712386131287,3.0
1.8740599155426025,2.0
5.196381568908691,4.0
3.1632843017578125,2.0
1.8740581274032593,2.0
7.56346321105957,5.0
-0.15652592480182648,2.0
