predicted,real
2.7643678188323975,3.0
7.472167491912842,2.0
5.77993631362915,6.0
2.9799880981445312,1.0
3.548772096633911,4.0
9.00741195678711,4.0
3.9781973361968994,3.0
2.0392119884490967,1.0
3.9781973361968994,2.0
-0.4390089809894562,4.0
4.141951084136963,4.0
5.796977519989014,1.0
2.4944727420806885,1.0
5.940128803253174,3.0
1.7507741451263428,1.0
-0.032274629920721054,1.0
2.4404478073120117,1.0
7.047755718231201,1.0
0.6090602874755859,1.0
2.4944727420806885,1.0
4.483368873596191,1.0
4.409832954406738,21.0
3.458442449569702,1.0
5.796977519989014,1.0
6.477506160736084,1.0
3.0877041816711426,2.0
5.425990104675293,3.0
2.1129651069641113,1.0
4.409832954406738,1.0
2.7643678188323975,1.0
4.409832954406738,7.0
1.2410844564437866,5.0
2.4944727420806885,3.0
1.4791302680969238,1.0
1.2410844564437866,2.0
5.77993631362915,2.0
4.195547580718994,1.0
4.141951084136963,18.0
3.189532518386841,2.0
1.6248501539230347,4.0
6.313844203948975,4.0
4.891474723815918,1.0
1.2410844564437866,5.0
2.7643678188323975,1.0
3.6196305751800537,1.0
1.2410844564437866,3.0
2.4944727420806885,1.0
4.141951084136963,1.0
3.7800700664520264,43.0
2.4404478073120117,2.0
3.0877041816711426,4.0
4.141951084136963,7.0
6.367227077484131,77.0
7.508546352386475,5.0
1.1008636951446533,2.0
1.8932764530181885,5.0
4.730996608734131,3.0
-0.4390089809894562,3.0
3.0877041816711426,19.0
7.916216850280762,3.0
3.888033628463745,8.0
3.9781973361968994,5.0
2.4944727420806885,9.0
6.260457515716553,4.0
5.77993631362915,1.0
1.2410844564437866,1.0
4.102549076080322,7.0
4.141951084136963,14.0
0.8308393955230713,1.0
5.873203277587891,3.0
3.3709964752197266,2.0
2.491551399230957,3.0
4.409832954406738,32.0
7.989668369293213,1.0
4.730996608734131,4.0
7.1317315101623535,2.0
2.29258394241333,1.0
10.332895278930664,19.0
4.141951084136963,4.0
5.935122013092041,2.0
0.8191579580307007,9.0
9.148401260375977,2.0
4.409832954406738,2.0
2.4944727420806885,1.0
5.77993631362915,3.0
5.425990104675293,11.0
3.404691219329834,5.0
3.602491617202759,1.0
1.0949519872665405,3.0
3.8036508560180664,1.0
4.141951084136963,1.0
4.299805641174316,2.0
3.189532518386841,1.0
3.888033628463745,1.0
6.367227077484131,6.0
4.730996608734131,82.0
3.189532518386841,1.0
1.5334960222244263,1.0
4.409832954406738,2.0
3.761472702026367,3.0
5.423093318939209,3.0
5.730045318603516,2.0
2.1129651069641113,6.0
3.404691219329834,6.0
2.2384872436523438,1.0
0.5805401802062988,1.0
1.5334960222244263,1.0
4.141951084136963,5.0
3.888033628463745,1.0
7.719422817230225,3.0
4.677488803863525,4.0
5.095343589782715,1.0
1.3449151515960693,1.0
-0.4390089809894562,1.0
3.189532518386841,1.0
4.730996608734131,5.0
8.558481216430664,4.0
6.367227077484131,6.0
2.4944727420806885,1.0
3.924561023712158,3.0
7.953250885009766,2.0
4.677488803863525,3.0
3.189532518386841,3.0
5.77993631362915,17.0
3.0877041816711426,2.0
3.73284649848938,1.0
3.0877041816711426,5.0
-0.14244143664836884,1.0
4.944952011108398,3.0
7.061285972595215,2.0
-0.8820988535881042,2.0
3.840193510055542,1.0
1.367366075515747,2.0
2.3294036388397217,1.0
4.141951084136963,7.0
4.139045715332031,7.0
6.367227077484131,24.0
3.189532518386841,1.0
3.189532518386841,1.0
3.297138214111328,1.0
9.490839004516602,5.0
4.141951084136963,2.0
2.7643678188323975,5.0
3.0877041816711426,1.0
3.404691219329834,1.0
4.730996608734131,5.0
4.246230125427246,1.0
2.9374608993530273,1.0
2.4944727420806885,1.0
2.4944727420806885,1.0
4.05184268951416,1.0
4.730996608734131,9.0
1.5334960222244263,3.0
1.0949519872665405,1.0
5.77993631362915,8.0
4.872125148773193,1.0
0.06024160236120224,1.0
4.409832954406738,1.0
0.2800830006599426,1.0
6.046911716461182,7.0
10.4949951171875,14.0
-0.8820988535881042,1.0
4.944952011108398,5.0
5.77993631362915,2.0
6.760852336883545,1.0
6.046911716461182,4.0
0.603127658367157,1.0
3.72702956199646,1.0
6.367227077484131,29.999999999999996
3.297138214111328,1.0
1.3499999046325684,3.0
0.603127658367157,2.0
2.4944727420806885,7.0
4.730996608734131,7.0
4.424019813537598,2.0
1.2787985801696777,3.0
4.195547580718994,1.0
3.0877041816711426,5.0
5.77993631362915,6.0
0.8738043308258057,3.0
0.2800830006599426,4.0
3.548772096633911,1.0
1.896220326423645,1.0
4.0883469581604,1.0
5.192915439605713,1.0
3.189532518386841,4.0
1.2410844564437866,1.0
-1.593731164932251,1.0
2.526024103164673,1.0
1.2410844564437866,5.0
1.186589002609253,1.0
2.4944727420806885,3.0
-0.8820988535881042,2.0
-0.49428611993789673,4.0
5.873203277587891,3.0
4.730996608734131,94.0
6.367227077484131,116.99999999999999
2.4404478073120117,2.0
4.0883469581604,1.0
3.9781973361968994,3.0
5.369666576385498,7.0
3.0877041816711426,10.0
5.77993631362915,14.0
1.186589002609253,1.0
3.9781973361968994,2.0
2.4944727420806885,6.0
1.5334960222244263,1.0
2.4404478073120117,1.0
1.5334960222244263,1.0
2.2384872436523438,2.0
-2.1462714672088623,1.0
9.706035614013672,1.0
5.77993631362915,8.0
6.046911716461182,7.0
4.141951084136963,5.0
3.189532518386841,2.0
4.998424053192139,1.0
4.192643165588379,3.0
5.77993631362915,17.0
-0.4390089809894562,1.0
-0.4390089809894562,1.0
-0.032274629920721054,1.0
5.77993631362915,9.0
6.367227077484131,232.0
3.6060235500335693,1.0
4.141951084136963,2.0
5.796977519989014,3.0
7.274910926818848,9.0
4.6239752769470215,1.0
3.458442449569702,3.0
5.77993631362915,8.0
7.542036056518555,2.0
9.00741195678711,2.0
5.77993631362915,1.0
-0.4390089809894562,1.0
3.0877041816711426,1.0
4.409832954406738,26.0
5.693066120147705,2.0
3.404691219329834,2.0
5.139466285705566,1.0
2.4944727420806885,4.0
5.77993631362915,14.0
3.9781973361968994,35.0
5.77993631362915,14.999999999999998
2.4944727420806885,3.0
-1.0866221189498901,1.0
3.189532518386841,1.0
0.22515931725502014,1.0
5.77993631362915,3.0
1.0949519872665405,1.0
1.2410844564437866,2.0
1.186589002609253,1.0
2.7643678188323975,2.0
1.186589002609253,2.0
0.603127658367157,1.0
3.0877041816711426,1.0
-0.032274629920721054,3.0
3.602491617202759,4.0
1.8968466520309448,5.0
2.491551399230957,4.0
-6.218758583068848,1.0
6.847701072692871,7.0
2.7643678188323975,6.0
1.5334960222244263,1.0
3.189532518386841,1.0
6.5807623863220215,33.0
5.77993631362915,7.0
1.186589002609253,3.0
1.6421797275543213,1.0
3.888033628463745,1.0
10.224918365478516,1.0
7.953250885009766,1.0
2.2753255367279053,2.0
3.0877041816711426,4.0
-0.4390089809894562,3.0
7.829240798950195,10.0
1.5334960222244263,1.0
5.833336353302002,6.0
5.77993631362915,5.0
4.409832954406738,2.0
1.6421797275543213,1.0
3.189532518386841,1.0
1.2410844564437866,3.0
-0.4390089809894562,2.0
4.141951084136963,3.0
-0.43900877237319946,1.0
2.926107883453369,2.0
