predicted,real
6.507698059082031,1.0
2.076052665710449,1.0
6.0265116691589355,26.0
2.382516860961914,1.0
2.4167768955230713,2.0
3.7302050590515137,3.0
6.1708173751831055,4.0
6.209496974945068,2.0
6.093429088592529,7.0
5.096109867095947,1.0
5.717260837554932,1.0
6.306124687194824,3.0
2.1852943897247314,1.0
1.9896379709243774,2.0
6.306124687194824,11.0
6.123263835906982,4.0
6.123263835906982,6.0
5.352668762207031,3.0
6.507698059082031,1.0
6.306124687194824,11.0
6.276339530944824,4.0
3.597395658493042,3.0
2.744170904159546,2.0
2.005650043487549,4.0
1.9896379709243774,4.0
6.306124687194824,4.0
2.253488540649414,1.0
6.016024589538574,4.0
6.0265116691589355,27.0
5.841952800750732,3.0
6.306124687194824,1.0
1.9926557540893555,6.0
2.1875953674316406,1.0
4.397802829742432,2.0
2.0419087409973145,1.0
2.066432237625122,1.0
3.6440699100494385,3.0
3.6826677322387695,5.0
1.9926557540893555,1.0
6.276339530944824,14.999999999999998
6.093429088592529,2.0
3.7070460319519043,4.0
6.093429088592529,16.0
5.833100318908691,5.0
6.054727554321289,1.0
2.811317205429077,1.0
4.983633995056152,4.0
5.45534610748291,1.0
3.172898292541504,3.0
6.093429088592529,1.0
3.581946611404419,2.0
2.6879401206970215,3.0
2.0335917472839355,1.0
2.005650043487549,2.0
6.488464832305908,1.0
6.123263835906982,7.0
6.392158508300781,1.0
2.1852943897247314,4.0
4.63360071182251,10.0
2.3717525005340576,1.0
6.488464832305908,1.0
6.325434684753418,1.0
2.112946033477783,4.0
2.005650043487549,1.0
6.488464832305908,1.0
5.841952800750732,6.0
6.123263835906982,8.0
6.488464832305908,1.0
3.037477970123291,2.0
6.123263835906982,9.0
3.9084465503692627,3.0
3.8831026554107666,1.0
6.03537654876709,3.0
6.093429088592529,14.0
8.737586975097656,2.0
6.392158508300781,3.0
6.123263835906982,3.0
1.9686990976333618,1.0
6.306124687194824,2.0
5.803309917449951,1.0
6.123263835906982,14.999999999999998
6.507698059082031,1.0
6.123263835906982,14.0
2.021764039993286,1.0
5.910430431365967,10.0
1.9574042558670044,1.0
2.0419087409973145,1.0
1.9434843063354492,1.0
6.306124687194824,3.0
6.123263835906982,5.0
5.833100318908691,2.0
6.507698059082031,1.0
6.123263835906982,3.0
3.6284618377685547,2.0
6.488464832305908,3.0
2.579888343811035,1.0
6.306124687194824,4.0
6.123263835906982,2.0
6.306124687194824,3.0
1.9811186790466309,3.0
6.016024589538574,5.0
5.89995002746582,2.0
3.2489190101623535,1.0
2.191873073577881,1.0
2.2508864402770996,1.0
2.172372579574585,3.0
6.306124687194824,1.0
3.313595771789551,1.0
6.276339530944824,1.0
6.306124687194824,3.0
2.1852943897247314,1.0
6.0265116691589355,3.0
5.6594343185424805,2.0
2.923361301422119,1.0
3.5124785900115967,1.0
6.488464832305908,1.0
6.276339530944824,10.0
2.0256130695343018,1.0
2.005650043487549,1.0
2.2508864402770996,4.0
6.306124687194824,2.0
7.187435626983643,3.0
2.2962098121643066,1.0
2.0419087409973145,2.0
6.325434684753418,2.0
8.61251449584961,14.999999999999998
2.005650043487549,1.0
5.803309917449951,4.0
6.488464832305908,3.0
6.123263835906982,1.0
5.429051876068115,2.0
5.929772853851318,1.0
6.669915676116943,1.0
5.871757507324219,8.0
4.579310417175293,4.0
4.716331481933594,2.0
6.0265116691589355,1.0
2.005650043487549,1.0
2.005650043487549,2.0
5.910430431365967,2.0
2.7746405601501465,1.0
5.910430431365967,1.0
2.0419087409973145,1.0
6.276339530944824,2.0
6.306124687194824,6.0
3.3570032119750977,1.0
4.365243434906006,1.0
6.507698059082031,1.0
3.145514726638794,1.0
5.841952800750732,11.0
1.9926557540893555,6.0
6.093429088592529,9.0
6.123263835906982,14.999999999999998
5.852426052093506,1.0
2.4711883068084717,1.0
5.910430431365967,7.0
2.0526199340820312,1.0
3.581946611404419,35.0
5.910430431365967,14.0
5.6594343185424805,14.0
6.093429088592529,7.0
5.6594343185424805,14.0
5.352668762207031,16.0
1.9940781593322754,1.0
2.0335917472839355,1.0
3.5207087993621826,3.0
3.7708582878112793,4.0
2.074100971221924,1.0
2.191873073577881,1.0
6.306124687194824,4.0
1.9631072282791138,2.0
2.2498395442962646,1.0
6.488464832305908,3.0
6.093429088592529,10.0
2.6063249111175537,1.0
6.392158508300781,2.0
3.505539655685425,10.0
2.3122055530548096,2.0
6.123263835906982,1.0
5.69797945022583,2.0
2.191873073577881,1.0
2.3239316940307617,1.0
5.910430431365967,31.000000000000004
2.2962098121643066,1.0
8.752079963684082,9.0
5.486489295959473,2.0
7.987495422363281,8.0
6.306124687194824,10.0
2.2508864402770996,2.0
6.295657634735107,1.0
2.4858648777008057,1.0
5.012457847595215,8.0
2.005650043487549,1.0
3.4373555183410645,1.0
6.306124687194824,1.0
6.103915214538574,10.0
6.123263835906982,5.0
6.306124687194824,1.0
6.306124687194824,1.0
6.209496974945068,21.0
2.005650043487549,2.0
5.833100318908691,3.0
6.016024589538574,5.0
6.123263835906982,4.0
6.306124687194824,2.0
1.9811186790466309,1.0
5.852426052093506,3.0
5.845202445983887,4.0
2.2364015579223633,2.0
2.986692190170288,7.0
3.859239339828491,1.0
6.209496974945068,2.0
5.803309917449951,2.0
3.2208447456359863,1.0
6.325434684753418,2.0
3.0915160179138184,1.0
2.2962098121643066,1.0
1.9896379709243774,2.0
5.803309917449951,2.0
2.005650043487549,2.0
5.929772853851318,5.0
6.093429088592529,8.0
4.100253582000732,1.0
2.3239316940307617,1.0
2.910210132598877,1.0
6.488464832305908,1.0
3.753488779067993,2.0
4.601926803588867,3.0
5.572045803070068,1.0
2.2245519161224365,3.0
1.9940781593322754,1.0
6.016024589538574,3.0
6.488464832305908,2.0
5.803309917449951,1.0
6.31497049331665,1.0
6.0265116691589355,7.0
6.123263835906982,11.0
6.276339530944824,2.0
6.276339530944824,10.0
3.746163845062256,1.0
1.9664889574050903,3.0
4.463466644287109,14.0
2.191873073577881,1.0
6.469221591949463,1.0
6.392158508300781,2.0
6.209496974945068,1.0
3.6284618377685547,1.0
6.306124687194824,2.0
3.275730848312378,5.0
5.910430431365967,7.0
2.0419087409973145,1.0
5.910430431365967,6.0
2.0419087409973145,1.0
3.4225080013275146,1.0
6.488464832305908,1.0
2.3239316940307617,3.0
2.086043119430542,1.0
2.191873073577881,1.0
6.325434684753418,2.0
2.0462162494659424,2.0
6.507698059082031,2.0
6.669915676116943,1.0
2.7099051475524902,10.0
6.306124687194824,6.0
1.9896379709243774,4.0
2.382516860961914,2.0
2.2508864402770996,1.0
1.9534883499145508,2.0
6.669915676116943,1.0
2.005650043487549,5.0
5.833100318908691,33.0
1.9926557540893555,3.0
6.123263835906982,3.0
2.0419087409973145,1.0
1.9896379709243774,2.0
6.306124687194824,2.0
6.286808967590332,2.0
6.306124687194824,16.0
2.0462162494659424,2.0
6.507698059082031,3.0
5.448183536529541,4.0
2.2508864402770996,2.0
3.859239339828491,6.0
6.392158508300781,4.0
3.214449644088745,4.0
1.959204912185669,1.0
2.1020801067352295,3.0
