predicted,real
4.138950824737549,1.0
4.9587907791137695,44.0
3.4517910480499268,2.0
5.119701385498047,3.0
2.6996731758117676,2.0
2.356234312057495,1.0
3.3112058639526367,3.0
5.119701385498047,14.999999999999998
4.215283393859863,9.0
3.8369693756103516,6.0
3.4761083126068115,7.0
4.597064971923828,2.0
3.012941837310791,3.0
0.5347017049789429,4.0
3.6732547283172607,26.0
5.425790309906006,1.0
5.425790309906006,4.0
5.457910537719727,1.0
2.5245769023895264,1.0
3.4761083126068115,22.0
1.732032060623169,5.0
1.7201178073883057,1.0
3.513417959213257,2.0
3.8981363773345947,2.0
2.5245769023895264,2.0
4.199802875518799,3.0
4.999413013458252,2.0
3.8369693756103516,5.0
3.7104177474975586,7.0
4.9587907791137695,9.0
4.147457599639893,1.0
5.119701385498047,1.0
4.138950824737549,8.0
2.766578197479248,1.0
4.999413013458252,2.0
3.2739317417144775,6.0
4.102255821228027,3.0
3.1415011882781982,1.0
3.4761083126068115,3.0
2.15343976020813,10.0
1.6265015602111816,1.0
2.558154821395874,1.0
4.765427112579346,77.0
4.765427112579346,7.0
3.1746416091918945,2.0
3.1299407482147217,1.0
5.119701385498047,14.999999999999998
3.012941837310791,3.0
2.119555950164795,1.0
3.8242287635803223,3.0
3.6162185668945312,5.0
2.207948684692383,1.0
1.558011531829834,1.0
4.102255821228027,4.0
3.079392194747925,25.0
2.9638140201568604,1.0
5.119701385498047,3.0
3.3442342281341553,1.0
3.075136184692383,2.0
2.5245769023895264,2.0
5.119701385498047,13.0
-0.9123238921165466,1.0
4.999413013458252,1.0
5.858953475952148,1.0
2.15343976020813,2.0
5.063779354095459,4.0
2.558154821395874,1.0
0.6825471520423889,1.0
4.999413013458252,5.0
5.425790309906006,2.0
4.765427112579346,13.0
2.15343976020813,6.0
2.5245769023895264,3.0
2.9638140201568604,2.0
5.119701385498047,1.0
3.8369693756103516,7.0
3.8369693756103516,1.0
3.6732547283172607,1.0
4.967217922210693,1.0
5.119701385498047,2.0
3.6162185668945312,3.0
4.700892925262451,4.0
2.9638140201568604,1.0
4.9587907791137695,5.0
3.8369693756103516,1.0
2.558154821395874,1.0
2.830488443374634,8.0
2.830488443374634,1.0
3.0548739433288574,1.0
5.425790309906006,3.0
2.9638140201568604,2.0
5.0400214195251465,4.0
4.765427112579346,16.0
4.2647528648376465,12.0
4.353574275970459,2.0
3.046182155609131,3.0
4.9587907791137695,17.0
2.9638140201568604,2.0
4.2647528648376465,1.0
3.304117202758789,3.0
2.5290613174438477,2.0
4.597064971923828,2.0
4.2647528648376465,2.0
-1.6808834075927734,1.0
4.2647528648376465,3.0
5.425790309906006,2.0
3.6732547283172607,7.0
5.7947187423706055,4.0
5.119701385498047,9.0
4.2647528648376465,1.0
4.2647528648376465,2.0
1.3820925951004028,1.0
0.5391524434089661,1.0
3.8696494102478027,11.0
3.8369693756103516,7.0
5.457910537719727,1.0
3.8369693756103516,6.0
5.119701385498047,3.0
4.765427112579346,16.0
3.6732547283172607,7.0
5.425790309906006,4.0
4.13478946685791,6.0
2.7970969676971436,2.0
3.8369693756103516,16.0
4.709341049194336,3.0
5.425790309906006,1.0
4.999413013458252,5.0
3.509012222290039,3.0
-0.4000612795352936,1.0
5.2567267417907715,2.0
3.8696494102478027,2.0
5.457910537719727,1.0
5.224582672119141,5.0
2.15343976020813,10.0
1.9025001525878906,9.0
2.897204637527466,1.0
4.2647528648376465,2.0
3.8369693756103516,4.0
2.9638140201568604,1.0
2.15343976020813,7.0
4.305692195892334,3.0
5.785542011260986,1.0
4.102255821228027,1.0
3.3442342281341553,3.0
-1.1457958221435547,1.0
7.324111461639404,12.0
5.119701385498047,1.0
2.5245769023895264,1.0
4.765427112579346,29.999999999999996
3.8981363773345947,2.0
3.3112058639526367,1.0
3.8369693756103516,2.0
3.8455235958099365,1.0
4.2647528648376465,1.0
5.119701385498047,5.0
2.830488443374634,1.0
3.804264545440674,1.0
4.547821521759033,1.0
0.768360435962677,2.0
3.4761083126068115,28.0
5.119701385498047,3.0
3.6732547283172607,12.0
2.15343976020813,8.0
5.2567267417907715,1.0
5.119701385498047,12.0
4.147457599639893,1.0
2.5245769023895264,7.0
3.8369693756103516,4.0
3.8369693756103516,4.0
3.4431731700897217,2.0
6.01372766494751,13.0
2.5245769023895264,3.0
3.4761083126068115,7.0
4.636317729949951,1.0
3.046182155609131,3.0
5.425790309906006,3.0
4.102255821228027,1.0
3.8696494102478027,5.0
5.119701385498047,3.0
5.087533473968506,2.0
3.6732547283172607,1.0
4.179970741271973,1.0
5.618488311767578,1.0
4.83835506439209,1.0
4.418379306793213,1.0
2.4909543991088867,1.0
3.8369693756103516,2.0
5.7947187423706055,1.0
2.15343976020813,19.0
5.425790309906006,5.0
3.1457364559173584,1.0
2.15343976020813,1.0
4.2647528648376465,1.0
4.765427112579346,2.0
1.6265015602111816,1.0
3.4105918407440186,3.0
5.425790309906006,5.0
4.147457599639893,3.0
4.999413013458252,5.0
3.8369693756103516,3.0
2.452195405960083,1.0
5.087533473968506,10.0
1.175426959991455,2.0
4.2647528648376465,4.0
2.8434853553771973,2.0
0.8557312488555908,1.0
3.4761083126068115,10.0
3.579167366027832,2.0
3.8981363773345947,1.0
5.087533473968506,2.0
2.5245769023895264,2.0
3.9790897369384766,1.0
3.4431731700897217,23.0
2.834763765335083,2.0
5.119701385498047,4.0
2.3987808227539062,1.0
0.45615747570991516,5.0
1.526736855506897,4.0
2.7970969676971436,2.0
3.4761083126068115,13.0
3.4761083126068115,9.0
0.6131883263587952,1.0
2.8434853553771973,3.0
3.8369693756103516,2.0
4.597064971923828,1.0
4.147457599639893,1.0
4.765427112579346,7.0
3.4761083126068115,2.0
3.6732547283172607,1.0
4.179970741271973,1.0
4.740234375,1.0
3.4761083126068115,14.0
1.1619793176651,1.0
5.425790309906006,1.0
3.8696494102478027,2.0
4.8299174308776855,4.0
4.797677993774414,5.0
3.8455235958099365,1.0
3.804264545440674,2.0
2.119555950164795,2.0
2.5290613174438477,1.0
4.13478946685791,3.0
2.9638140201568604,1.0
0.15237493813037872,1.0
4.765427112579346,10.0
1.6265015602111816,2.0
3.9393222332000732,1.0
2.15343976020813,21.0
4.418379306793213,3.0
1.2098684310913086,1.0
1.7453110218048096,1.0
5.425790309906006,5.0
1.6265015602111816,1.0
4.2647528648376465,1.0
2.5245769023895264,1.0
3.8369693756103516,6.0
3.976118564605713,1.0
4.407087326049805,2.0
3.8369693756103516,1.0
2.8434853553771973,2.0
4.2647528648376465,1.0
3.841338872909546,1.0
2.2286012172698975,14.0
5.151863098144531,1.0
2.5874342918395996,1.0
2.875486135482788,10.0
-1.5000190734863281,1.0
3.714614152908325,1.0
5.5531229972839355,36.0
0.35192519426345825,1.0
1.558011531829834,1.0
3.6362481117248535,7.0
4.668977737426758,2.0
2.9796810150146484,3.0
2.4647302627563477,2.0
5.119701385498047,4.0
3.4761083126068115,17.0
4.297201633453369,2.0
4.13478946685791,1.0
5.119701385498047,2.0
4.999413013458252,2.0
3.0534584522247314,1.0
3.8369693756103516,18.0
2.2333085536956787,5.0
1.063108205795288,1.0
5.361541271209717,1.0
3.8369686603546143,6.0
