predicted,real
7.894203186035156,14.0
7.994210243225098,20.0
0.6534842252731323,2.0
9.914206504821777,9.0
0.5423911809921265,1.0
1.82974374294281,1.0
4.323594570159912,5.0
2.097494602203369,1.0
10.844795227050781,11.0
4.627847671508789,1.0
5.154488563537598,5.0
5.154488563537598,1.0
4.8558454513549805,1.0
5.154488563537598,5.0
1.4133670330047607,1.0
7.743685722351074,2.0
5.154488563537598,1.0
-2.9803175926208496,1.0
0.33217138051986694,1.0
2.524075746536255,3.0
6.173261642456055,4.0
0.5074964165687561,3.0
3.323587417602539,1.0
9.914206504821777,3.0
3.5686182975769043,3.0
3.5686182975769043,5.0
7.216273784637451,2.0
9.914206504821777,5.0
7.793932914733887,4.0
5.293684482574463,1.0
5.293684482574463,2.0
-1.1000381708145142,2.0
1.4982537031173706,1.0
10.50085163116455,2.0
10.746345520019531,13.0
0.5423911809921265,1.0
5.154488563537598,1.0
5.5197858810424805,1.0
7.617746353149414,16.0
10.504915237426758,3.0
4.669754981994629,1.0
7.894203186035156,2.0
7.216273784637451,7.0
6.163705348968506,1.0
7.743685722351074,44.0
7.617746353149414,2.0
7.617746353149414,5.0
7.999020576477051,1.0
-2.813272714614868,1.0
7.999020576477051,1.0
7.894203186035156,6.0
9.914206504821777,17.0
14.92822551727295,2.0
4.650972843170166,2.0
4.627847671508789,4.0
9.914206504821777,1.0
2.188455581665039,1.0
8.618680000305176,2.0
10.182768821716309,28.0
5.293684482574463,4.0
-1.5388574600219727,2.0
7.743685722351074,3.0
7.919233798980713,2.0
7.139451503753662,1.0
8.470693588256836,6.0
5.459514141082764,8.0
7.96923303604126,3.0
7.617746353149414,3.0
9.71528148651123,2.0
6.933567523956299,1.0
7.894203186035156,7.0
9.914206504821777,5.0
7.617746353149414,2.0
4.507312297821045,6.0
2.019876718521118,2.0
1.3240859508514404,2.0
7.617746353149414,5.0
7.894203186035156,28.0
1.02020263671875,1.0
10.182768821716309,116.99999999999999
8.515311241149902,2.0
7.894203186035156,16.0
8.121855735778809,2.0
10.182768821716309,23.0
-2.940394639968872,1.0
1.928173303604126,1.0
8.654728889465332,5.0
5.459514141082764,2.0
1.4918220043182373,1.0
1.5251988172531128,4.0
10.15833568572998,1.0
-1.780718445777893,1.0
5.154488563537598,2.0
5.126542091369629,2.0
5.154488563537598,12.0
7.592502117156982,2.0
3.628964900970459,3.0
5.304378032684326,2.0
5.376769542694092,2.0
4.627847671508789,1.0
7.894203186035156,11.0
7.894203186035156,16.0
7.743685722351074,2.0
1.7638421058654785,1.0
-1.4630488157272339,1.0
3.5686182975769043,5.0
4.7081499099731445,5.0
4.323594570159912,4.0
5.154488563537598,1.0
7.267365455627441,10.0
7.617746353149414,1.0
8.839967727661133,1.0
4.275326251983643,1.0
4.627847671508789,2.0
7.441588878631592,2.0
9.914206504821777,14.0
6.881849765777588,2.0
5.9349799156188965,1.0
9.914206504821777,2.0
5.3820953369140625,3.0
7.088127136230469,1.0
0.2616787850856781,2.0
5.487025737762451,2.0
7.617746353149414,7.0
3.5383758544921875,1.0
5.126542091369629,4.0
1.3240859508514404,2.0
4.2461419105529785,8.0
10.15833568572998,1.0
1.4133670330047607,1.0
10.182768821716309,29.999999999999996
3.5686182975769043,4.0
1.7638421058654785,4.0
4.997068405151367,1.0
9.914206504821777,4.0
10.525365829467773,4.0
5.126542091369629,1.0
1.7638421058654785,1.0
7.617746353149414,5.0
5.459514141082764,4.0
12.526042938232422,43.0
4.8558454513549805,3.0
8.613932609558105,5.0
-1.2744687795639038,1.0
9.914206504821777,5.0
10.182768821716309,16.0
0.5423911809921265,5.0
8.267926216125488,4.0
7.139451503753662,1.0
3.5383758544921875,1.0
4.627847671508789,1.0
1.757478952407837,1.0
7.994210243225098,3.0
10.154570579528809,1.0
9.914206504821777,4.0
9.914206504821777,2.0
-1.5388574600219727,1.0
7.165085315704346,3.0
6.717034816741943,1.0
4.997068405151367,1.0
-0.6363581418991089,1.0
4.627847671508789,1.0
7.823860168457031,3.0
0.2616787850856781,2.0
7.894203186035156,12.0
7.823860168457031,1.0
9.914206504821777,2.0
5.154488563537598,1.0
5.182404041290283,1.0
10.036235809326172,6.0
6.222090244293213,1.0
7.994210243225098,1.0
10.182768821716309,7.0
4.2461419105529785,9.0
6.855948448181152,1.0
1.7638421058654785,2.0
5.154488563537598,1.0
8.5399808883667,1.0
1.5251988172531128,1.0
10.28054141998291,2.0
4.323594570159912,2.0
8.267926216125488,1.0
4.627847671508789,9.0
7.617746353149414,6.0
9.914206504821777,6.0
4.7421698570251465,1.0
9.914206504821777,3.0
7.894203186035156,10.0
1.7308270931243896,2.0
9.914206504821777,6.0
0.6534842252731323,1.0
7.647834300994873,2.0
7.617746353149414,2.0
2.0888915061950684,1.0
7.743685722351074,2.0
7.894203186035156,2.0
4.391652584075928,3.0
4.7706451416015625,5.0
7.592502117156982,1.0
7.798767566680908,5.0
7.617746353149414,4.0
5.459514141082764,2.0
10.28054141998291,16.0
4.685085296630859,1.0
7.894203186035156,7.0
8.267926216125488,2.0
-2.813272714614868,2.0
0.2616787850856781,2.0
5.154488563537598,1.0
3.5686182975769043,1.0
1.928173303604126,1.0
7.617746353149414,2.0
0.5074964165687561,2.0
11.190794944763184,4.0
4.7421698570251465,3.0
9.914206504821777,12.0
0.5074964165687561,4.0
7.743685722351074,32.0
3.5686182975769043,11.0
7.617746353149414,1.0
0.6534842252731323,2.0
4.507312297821045,1.0
8.31368350982666,1.0
7.617746353149414,18.0
4.685085296630859,1.0
3.5686182975769043,3.0
10.036235809326172,28.0
7.96923303604126,1.0
7.062427997589111,2.0
9.914206504821777,11.0
9.914206504821777,3.0
10.036235809326172,8.0
4.507312297821045,1.0
3.5383758544921875,2.0
7.617746353149414,6.0
7.496204376220703,4.0
4.599162578582764,2.0
7.77365779876709,4.0
10.52942943572998,2.0
7.088127136230469,7.0
0.5423911809921265,3.0
10.487716674804688,36.0
5.459514141082764,7.0
7.617746353149414,4.0
5.126542091369629,1.0
4.627847671508789,1.0
4.391652584075928,1.0
3.5383758544921875,2.0
9.914206504821777,14.999999999999998
10.182768821716309,14.0
9.914206504821777,1.0
4.991642475128174,2.0
10.182768821716309,19.0
5.459514141082764,7.0
3.5686182975769043,5.0
-1.1646610498428345,1.0
0.5423911809921265,2.0
3.788271427154541,2.0
10.721755027770996,4.0
0.9637032151222229,3.0
5.3172407150268555,1.0
4.7421698570251465,7.0
8.218293190002441,11.0
4.7081499099731445,1.0
9.861649513244629,4.0
4.627847671508789,2.0
8.24311637878418,5.0
3.5383758544921875,1.0
3.9279520511627197,1.0
7.617746353149414,2.0
3.893672227859497,1.0
4.593623638153076,3.0
1.3913313150405884,1.0
5.154488563537598,4.0
4.7421698570251465,6.0
7.994210243225098,5.0
1.928173303604126,1.0
4.8558454513549805,1.0
8.34227466583252,2.0
9.71528148651123,3.0
6.933567523956299,2.0
7.617746353149414,3.0
8.564643859863281,2.0
9.914206504821777,5.0
7.4874162673950195,2.0
6.830026149749756,1.0
7.743684768676758,7.0
