predicted,real
6.146402359008789,26.0
5.478351593017578,5.0
4.830927848815918,1.0
6.2539544105529785,1.0
7.167863845825195,6.0
6.2539544105529785,7.0
7.167863845825195,12.0
5.07741117477417,1.0
7.167863845825195,29.999999999999996
4.3359694480896,1.0
7.082920551300049,6.0
5.691376686096191,1.0
7.082920551300049,2.0
4.830927848815918,4.0
6.766676902770996,1.0
6.873101711273193,1.0
5.07741117477417,2.0
7.401370048522949,24.0
6.145966053009033,2.0
7.189095973968506,3.0
5.4284987449646,8.0
6.2539544105529785,3.0
4.263391494750977,2.0
4.629820823669434,2.0
5.932784080505371,2.0
6.2539544105529785,1.0
7.082920551300049,1.0
4.830927848815918,8.0
5.07741117477417,2.0
6.23246431350708,1.0
6.726807117462158,2.0
5.737764358520508,3.0
5.8894429206848145,1.0
7.295236587524414,26.0
5.824331283569336,2.0
7.167863845825195,116.99999999999999
5.62261962890625,1.0
5.430875301361084,7.0
4.965682029724121,1.0
1.0647426843643188,5.0
0.686221182346344,2.0
6.726807117462158,1.0
6.726807117462158,1.0
6.016969680786133,3.0
3.1530580520629883,1.0
4.872591972351074,8.0
7.401370048522949,3.0
1.5630584955215454,1.0
6.851825714111328,3.0
5.932784080505371,5.0
5.80885648727417,1.0
5.07741117477417,1.0
6.23246431350708,1.0
7.401370048522949,5.0
3.1499359607696533,1.0
5.715972900390625,4.0
4.964787006378174,3.0
6.894372463226318,1.0
4.697862148284912,3.0
4.401983261108398,1.0
6.016969680786133,7.0
7.295236587524414,4.0
4.830927848815918,7.0
5.930434703826904,20.0
7.401370048522949,8.0
6.317928314208984,7.0
4.965682029724121,4.0
5.472026348114014,10.0
4.379330158233643,4.0
6.016969680786133,3.0
5.824331283569336,1.0
5.543935298919678,1.0
5.99813175201416,4.0
4.629820823669434,1.0
7.167863845825195,17.0
1.7194017171859741,1.0
4.743130207061768,2.0
6.06015682220459,1.0
7.401370048522949,5.0
4.330062389373779,2.0
6.016969680786133,8.0
5.543935298919678,1.0
6.016969680786133,3.0
7.104159832000732,3.0
5.650075912475586,1.0
4.765708923339844,2.0
5.09970760345459,3.0
7.401370048522949,13.0
7.401370048522949,2.0
7.401370048522949,3.0
6.681441783905029,1.0
7.0431647300720215,1.0
5.97372579574585,1.0
5.543935298919678,2.0
7.401370048522949,8.0
4.743130207061768,1.0
6.296472072601318,3.0
7.295236587524414,13.0
5.07741117477417,7.0
6.146402359008789,7.0
4.965682029724121,1.0
5.09970760345459,1.0
6.145966053009033,1.0
7.167863845825195,83.0
6.2539544105529785,14.0
5.09970760345459,1.0
6.2539544105529785,4.0
5.07741117477417,4.0
6.2539544105529785,6.0
5.431310653686523,2.0
4.830927848815918,2.0
5.715972900390625,3.0
6.873101711273193,2.0
5.472472190856934,2.0
7.401370048522949,1.0
3.814054012298584,1.0
5.932784080505371,2.0
4.965242862701416,4.0
7.401370048522949,2.0
6.111849784851074,1.0
6.2539544105529785,4.0
7.401370048522949,3.0
6.016969680786133,16.0
7.0431647300720215,1.0
3.726550817489624,1.0
5.666306018829346,2.0
6.700023651123047,4.0
6.726807117462158,1.0
6.726807117462158,1.0
7.295236587524414,4.0
3.4430675506591797,1.0
7.401370048522949,3.0
7.401370048522949,1.0
7.401370048522949,6.0
5.715972900390625,1.0
5.932784080505371,1.0
5.932784080505371,2.0
5.803040981292725,6.0
5.07741117477417,2.0
4.447350978851318,2.0
7.401370048522949,6.0
7.167863845825195,2.0
6.873101711273193,2.0
5.932784080505371,2.0
4.875932216644287,1.0
4.743130207061768,1.0
6.016969680786133,33.0
7.401370048522949,3.0
5.07741117477417,1.0
4.965682029724121,2.0
7.401370048522949,4.0
6.016969680786133,12.0
3.49100661277771,1.0
7.401370048522949,10.0
6.016969680786133,5.0
3.1006922721862793,2.0
6.146402359008789,2.0
5.07741117477417,1.0
5.565841197967529,3.0
6.016969680786133,12.0
5.952088356018066,3.0
7.422598838806152,10.0
6.016969680786133,7.0
6.873101711273193,35.0
5.846052646636963,5.0
5.07741117477417,4.0
5.4284987449646,2.0
3.579986572265625,1.0
4.965242862701416,1.0
6.146402359008789,1.0
5.889881610870361,1.0
5.4504852294921875,5.0
5.07741117477417,5.0
5.8894429206848145,3.0
5.930434703826904,5.0
5.731730937957764,10.0
7.082920551300049,1.0
4.853437900543213,1.0
4.830927848815918,2.0
7.167863845825195,71.0
1.360714077949524,4.0
6.2539544105529785,2.0
4.629820823669434,1.0
3.49100661277771,2.0
6.2539544105529785,2.0
6.189451694488525,5.0
5.210404396057129,1.0
6.63604736328125,2.0
7.401370048522949,4.0
4.743130207061768,1.0
7.401370048522949,1.0
4.743130207061768,1.0
6.275430202484131,2.0
4.743130207061768,1.0
5.995356559753418,23.0
5.696531772613525,1.0
5.8894429206848145,1.0
5.800249099731445,2.0
6.705498218536377,11.0
5.09970760345459,1.0
7.401370048522949,1.0
4.168308258056641,1.0
6.016969680786133,94.0
5.543935298919678,1.0
7.128124237060547,4.0
6.912908554077148,99.0
6.164736270904541,8.0
7.0431647300720215,1.0
4.830927848815918,1.0
0.363373339176178,2.0
5.718768119812012,1.0
6.553395748138428,1.0
7.082920551300049,3.0
5.07741117477417,1.0
7.401370048522949,14.0
6.9156389236450195,1.0
6.705498218536377,3.0
1.4844944477081299,1.0
5.824331283569336,3.0
6.016969680786133,28.0
6.705498218536377,4.0
6.891641139984131,2.0
6.016969680786133,6.0
5.824331283569336,3.0
4.742672443389893,1.0
6.146402359008789,7.0
7.401370048522949,3.0
6.146402359008789,6.0
7.082920551300049,33.0
6.2539544105529785,2.0
6.2539544105529785,6.0
1.9229371547698975,1.0
7.1068878173828125,9.0
7.401370048522949,3.0
5.954432487487793,1.0
3.1525726318359375,1.0
6.2539544105529785,2.0
6.2539544105529785,1.0
6.726807117462158,1.0
7.167863845825195,24.0
7.295236587524414,10.0
6.705498218536377,4.0
5.930434703826904,3.0
5.8894429206848145,1.0
5.628230571746826,2.0
5.846052646636963,6.0
6.2539544105529785,2.0
7.167863845825195,10.0
5.824331283569336,2.0
6.146402359008789,2.0
6.2539544105529785,1.0
4.379330158233643,14.999999999999998
7.167863845825195,32.0
4.379330158233643,59.0
6.2539544105529785,3.0
7.085649490356445,2.0
4.3359694480896,1.0
6.016969680786133,3.0
6.016969680786133,11.0
5.428056240081787,2.0
6.038569450378418,3.0
5.09970760345459,2.0
6.016969680786133,17.0
5.499630928039551,3.0
7.295236587524414,44.0
4.3359694480896,2.0
4.852536201477051,1.0
5.09970760345459,6.0
6.40642786026001,3.0
6.833280086517334,1.0
6.382256031036377,1.0
7.401370048522949,4.0
5.304905891418457,1.0
4.3359694480896,1.0
3.3160343170166016,1.0
6.2539544105529785,5.0
5.276864051818848,1.0
5.691376686096191,2.0
4.965682029724121,3.0
6.016969680786133,19.0
5.07741117477417,6.0
6.614710330963135,7.0
6.785240173339844,3.0
6.146402359008789,3.0
5.889444351196289,1.0
4.898404598236084,2.0
6.705498218536377,5.0
