predicted,real
4.6686692237854,3.0
3.5118370056152344,1.0
4.638004302978516,35.0
2.1613354682922363,1.0
3.1329345703125,2.0
3.3071773052215576,1.0
5.169530391693115,3.0
2.183009624481201,1.0
6.744050979614258,3.0
3.9786715507507324,2.0
4.356625080108643,3.0
2.7473855018615723,8.0
4.356625080108643,29.999999999999996
2.9244697093963623,1.0
6.825294494628906,2.0
5.259267807006836,1.0
4.010553359985352,7.0
5.472378253936768,5.0
5.169530391693115,12.0
2.220761299133301,5.0
4.26643705368042,4.0
4.168844223022461,2.0
4.912796974182129,3.0
4.685108184814453,2.0
2.711597442626953,2.0
5.62415885925293,16.0
5.320915699005127,14.0
7.188559055328369,3.0
6.71315860748291,2.0
5.169530391693115,10.0
4.168844223022461,3.0
5.502702236175537,29.999999999999996
8.825714111328125,1.0
4.4806718826293945,5.0
4.26643705368042,4.0
3.544970989227295,7.0
4.685108184814453,1.0
4.168844223022461,7.0
3.3071773052215576,1.0
4.638004302978516,2.0
3.5118370056152344,1.0
3.9170339107513428,1.0
7.190262317657471,8.0
3.5377278327941895,1.0
5.080855846405029,1.0
4.818132400512695,4.0
4.26643705368042,1.0
4.311027526855469,3.0
5.549324989318848,2.0
5.502702236175537,13.0
4.010553359985352,5.0
3.4928138256073,2.0
4.010553359985352,7.0
5.208158016204834,2.0
4.741837024688721,1.0
3.1329345703125,7.0
4.818132400512695,3.0
2.220761299133301,2.0
5.169530391693115,8.0
5.442069053649902,4.0
4.929110050201416,1.0
4.356625080108643,7.0
4.449737548828125,1.0
3.171020746231079,1.0
5.0949015617370605,1.0
3.7556636333465576,1.0
2.9244697093963623,3.0
3.544970989227295,1.0
4.807339191436768,5.0
4.042356967926025,9.0
2.9244697093963623,2.0
4.010553359985352,2.0
3.3071773052215576,6.0
5.195871829986572,2.0
2.691572666168213,1.0
5.472378253936768,4.0
5.152181148529053,1.0
5.1252031326293945,1.0
5.320915699005127,1.0
3.6940879821777344,2.0
3.1329345703125,7.0
5.898883819580078,2.0
2.1029229164123535,1.0
4.430209159851074,6.0
3.1329345703125,2.0
4.010553359985352,16.0
4.685108184814453,2.0
5.169530391693115,8.0
3.544970989227295,1.0
2.9820826053619385,3.0
4.010553359985352,3.0
2.7473855018615723,7.0
2.1613354682922363,1.0
6.221123218536377,1.0
5.502702236175537,8.0
5.502702236175537,14.0
4.729888439178467,3.0
1.2650893926620483,1.0
5.243021488189697,5.0
5.169530391693115,9.0
4.042356967926025,2.0
5.670899868011475,1.0
4.168844223022461,1.0
2.7473855018615723,1.0
4.356625080108643,4.0
4.356625080108643,3.0
4.356625080108643,14.999999999999998
3.617795944213867,1.0
5.788418292999268,1.0
2.711597442626953,1.0
2.7473855018615723,2.0
2.7473855018615723,4.0
4.356625080108643,77.0
3.1329345703125,1.0
4.356625080108643,9.0
5.502702236175537,46.0
4.591942310333252,1.0
3.6577985286712646,2.0
5.62415885925293,6.0
5.502702236175537,31.000000000000004
5.62415885925293,3.0
5.960305690765381,3.0
4.356625080108643,13.0
2.711597442626953,4.0
3.935384511947632,5.0
4.739601135253906,3.0
4.818132400512695,2.0
2.9244697093963623,6.0
5.169530391693115,9.0
5.320915699005127,6.0
4.010553359985352,4.0
5.502702236175537,83.0
4.171153545379639,2.0
2.4231715202331543,2.0
3.544970989227295,1.0
5.502702236175537,50.0
2.220761299133301,3.0
2.1613354682922363,1.0
1.8325058221817017,1.0
4.729888439178467,7.0
3.4081637859344482,2.0
4.929110050201416,1.0
4.685108184814453,3.0
2.662912607192993,2.0
4.837820529937744,4.0
5.670899868011475,3.0
2.7473855018615723,1.0
3.1672635078430176,2.0
5.502702236175537,23.0
4.356625080108643,14.0
1.5949116945266724,3.0
2.4231715202331543,1.0
4.807339191436768,3.0
3.171020746231079,1.0
9.368096351623535,2.0
4.929110050201416,1.0
4.3254780769348145,1.0
3.5118370056152344,3.0
3.1329345703125,2.0
4.638004302978516,3.0
5.502702236175537,3.0
5.169530391693115,5.0
2.220761299133301,1.0
3.544970989227295,4.0
2.6743576526641846,2.0
4.773963928222656,2.0
3.4928138256073,1.0
3.949063539505005,1.0
3.6249899864196777,5.0
4.746288776397705,1.0
5.169530391693115,2.0
4.685108184814453,1.0
1.9147443771362305,2.0
5.502702236175537,7.0
2.711597442626953,3.0
4.685108184814453,4.0
2.220761299133301,1.0
4.010553359985352,3.0
4.807339191436768,1.0
5.169530391693115,14.0
3.1329345703125,7.0
3.2235331535339355,1.0
3.4928138256073,1.0
2.7473855018615723,1.0
3.1329345703125,1.0
2.7473855018615723,5.0
4.010553359985352,1.0
4.387720108032227,23.0
4.010553359985352,1.0
4.685108184814453,2.0
5.988163948059082,14.999999999999998
2.183009624481201,1.0
4.4043803215026855,1.0
3.1329345703125,10.0
3.544970989227295,1.0
3.935384511947632,6.0
5.169530391693115,3.0
2.7473855018615723,1.0
5.169530391693115,12.0
4.545766830444336,2.0
5.563392639160156,26.0
6.444223403930664,2.0
5.595987319946289,2.0
4.010553359985352,1.0
2.183009624481201,1.0
3.3833460807800293,1.0
3.1329345703125,2.0
4.010553359985352,5.0
6.6316447257995605,3.0
5.502702236175537,7.0
3.544970989227295,2.0
5.169530391693115,2.0
2.236847162246704,3.0
5.502702236175537,19.0
3.0984885692596436,1.0
5.080855846405029,1.0
4.010553359985352,1.0
5.169530391693115,3.0
5.139242172241211,1.0
3.5118370056152344,1.0
4.800664901733398,3.0
6.39573860168457,12.0
7.270054817199707,4.0
4.010553359985352,6.0
6.061249256134033,13.0
5.472378253936768,1.0
5.472378253936768,1.0
3.6577985286712646,1.0
2.7473855018615723,12.0
4.638004302978516,5.0
4.010553359985352,5.0
4.685108184814453,5.0
5.320915699005127,3.0
5.169530391693115,6.0
3.559089422225952,3.0
4.790971755981445,1.0
4.356625080108643,4.0
3.544970989227295,2.0
2.7473855018615723,1.0
5.246335983276367,2.0
7.121657848358154,5.0
6.301499366760254,3.0
4.010553359985352,2.0
4.818132400512695,1.0
4.746288776397705,1.0
3.5118370056152344,1.0
2.7473855018615723,2.0
4.685108184814453,1.0
5.502702236175537,17.0
5.42692756652832,1.0
5.502702236175537,5.0
3.325315475463867,1.0
7.190262317657471,11.0
3.9845011234283447,1.0
7.830162525177002,1.0
2.1613354682922363,1.0
5.5589728355407715,2.0
4.010553359985352,5.0
5.42802619934082,7.0
7.286983013153076,5.0
5.139242172241211,2.0
5.320915699005127,4.0
2.7473855018615723,7.0
5.169530391693115,6.0
1.9147443771362305,2.0
2.220761299133301,3.0
4.010553359985352,4.0
3.5118370056152344,1.0
5.639369487762451,1.0
5.169530391693115,1.0
3.6249899864196777,1.0
5.670899868011475,2.0
4.837820529937744,5.0
5.169530391693115,5.0
4.496129989624023,1.0
5.169530391693115,5.0
7.025654315948486,5.0
5.320915699005127,10.0
5.169530391693115,11.0
4.685108184814453,5.0
4.607298374176025,3.0
3.441610813140869,4.0
5.169530391693115,3.0
5.320915699005127,4.0
4.422145843505859,4.0
5.064589500427246,3.0
4.422145843505859,1.0
