predicted,real
6.900115966796875,3.0
6.900115966796875,29.999999999999996
7.9235005378723145,1.0
6.917418956756592,19.0
6.304067134857178,5.0
6.767531871795654,1.0
6.6504950523376465,2.0
7.4327287673950195,28.0
7.4327287673950195,9.0
6.037585258483887,1.0
7.584922790527344,1.0
10.763177871704102,3.0
7.4327287673950195,19.0
7.159359931945801,1.0
6.900115966796875,4.0
7.56781005859375,1.0
7.4327287673950195,16.0
6.686007976531982,1.0
7.584922790527344,1.0
6.381353378295898,2.0
5.419421672821045,3.0
7.584922790527344,8.0
6.381353378295898,1.0
5.402369022369385,3.0
5.402369022369385,1.0
6.072117805480957,3.0
5.419421672821045,4.0
7.7726945877075195,8.0
6.725716590881348,1.0
7.6703901290893555,1.0
5.419421672821045,2.0
7.4327287673950195,77.0
5.419421672821045,3.0
5.759848594665527,1.0
6.1066718101501465,1.0
7.329587936401367,2.0
7.090304851531982,50.0
13.963234901428223,2.0
8.231013298034668,9.0
7.584922790527344,12.0
7.584922790527344,1.0
5.419421672821045,5.0
7.1307454109191895,2.0
7.584922790527344,1.0
6.725716590881348,1.0
7.243483066558838,4.0
7.4327287673950195,8.0
5.759848594665527,1.0
7.584922790527344,3.0
5.419421672821045,3.0
6.994631767272949,1.0
7.5377349853515625,3.0
7.6895432472229,2.0
6.096546649932861,1.0
6.381353378295898,1.0
6.381353378295898,1.0
6.760358810424805,1.0
12.840472221374512,1.0
7.260713577270508,9.0
7.584922790527344,1.0
7.4327287673950195,16.0
7.243483066558838,3.0
7.427708625793457,10.0
7.7726945877075195,2.0
7.090304851531982,23.0
5.624639511108398,4.0
5.402369022369385,1.0
11.115381240844727,14.999999999999998
6.900115966796875,2.0
8.212197303771973,2.0
6.381353378295898,1.0
6.037585258483887,4.0
7.073031425476074,1.0
8.142037391662598,2.0
7.229766845703125,1.0
5.759848594665527,3.0
7.895796298980713,8.0
6.900115966796875,13.0
7.4327287673950195,2.0
7.243483066558838,10.0
6.579079627990723,6.0
6.882808685302734,10.0
7.554865837097168,11.0
7.243483066558838,3.0
7.132166862487793,1.0
7.7726945877075195,7.0
6.900115966796875,6.0
7.7726945877075195,5.0
8.142037391662598,2.0
6.440483093261719,1.0
7.090304851531982,14.0
8.679359436035156,3.0
7.090304851531982,12.0
6.986609935760498,8.0
10.813749313354492,43.0
11.843362808227539,3.0
6.900115966796875,3.0
6.5581159591674805,2.0
6.900115966796875,3.0
6.262291431427002,1.0
7.4327287673950195,2.0
6.381353378295898,3.0
6.037585258483887,2.0
6.304067134857178,3.0
7.159359931945801,5.0
6.037585258483887,2.0
6.4093804359436035,1.0
7.584922790527344,1.0
7.584922790527344,1.0
6.95202112197876,3.0
5.419421672821045,7.0
7.4691548347473145,2.0
6.037585258483887,1.0
7.329587936401367,1.0
7.60203218460083,1.0
6.799219131469727,3.0
7.4327287673950195,7.0
5.317198753356934,1.0
6.725716590881348,2.0
6.102455139160156,1.0
7.7726945877075195,2.0
6.994631767272949,1.0
8.109318733215332,1.0
7.243483066558838,7.0
7.243483066558838,4.0
7.6703901290893555,6.0
7.7726945877075195,6.0
5.402369022369385,1.0
7.221210479736328,6.0
7.584922790527344,2.0
6.950772285461426,1.0
7.243483066558838,6.0
7.329587936401367,2.0
7.5377349853515625,7.0
7.073031425476074,11.0
7.090304851531982,13.0
7.467060089111328,1.0
7.462045192718506,2.0
9.594419479370117,1.0
7.9235005378723145,2.0
7.090304851531982,17.0
7.243483066558838,14.0
7.4327287673950195,12.0
6.037585258483887,2.0
7.29725980758667,13.0
7.226247787475586,4.0
7.4327287673950195,7.0
7.501367568969727,3.0
10.763177871704102,1.0
7.6724724769592285,5.0
7.4327287673950195,3.0
6.788388252258301,1.0
6.35600471496582,7.0
6.900115966796875,4.0
7.167365550994873,1.0
6.900115966796875,4.0
7.6895432472229,1.0
6.900115966796875,12.0
7.6703901290893555,5.0
6.509776592254639,1.0
5.546952247619629,3.0
6.606556415557861,2.0
8.212197303771973,1.0
7.4327287673950195,2.0
6.7371134757995605,4.0
7.090304851531982,16.0
6.037585258483887,2.0
6.4440226554870605,4.0
7.090304851531982,6.0
5.419421672821045,1.0
6.900115966796875,3.0
7.584922790527344,1.0
6.900115966796875,3.0
6.096546649932861,1.0
7.124842166900635,26.0
5.622544765472412,1.0
6.556689739227295,2.0
7.4327287673950195,7.0
6.900115966796875,1.0
7.501367568969727,1.0
7.3488898277282715,1.0
7.6895432472229,4.0
7.236344814300537,4.0
6.423163890838623,4.0
7.518507957458496,8.0
5.966463088989258,1.0
7.329587936401367,44.0
6.16567325592041,1.0
8.233055114746094,10.0
7.243483066558838,2.0
7.243483066558838,5.0
8.368147850036621,1.0
6.902401447296143,2.0
6.381353378295898,1.0
7.56781005859375,1.0
7.7726945877075195,4.0
7.7726945877075195,19.0
7.584922790527344,2.0
5.419421672821045,5.0
6.269455432891846,1.0
7.7726945877075195,1.0
7.167365550994873,2.0
7.7726945877075195,7.0
7.243483066558838,6.0
7.4327287673950195,11.0
7.6895432472229,1.0
5.402369022369385,2.0
8.089605331420898,1.0
12.8418550491333,1.0
6.986609935760498,7.0
6.35600471496582,3.0
7.501367568969727,4.0
8.064929008483887,5.0
6.854109287261963,1.0
7.243483066558838,3.0
7.9235005378723145,1.0
6.900115966796875,5.0
6.735002517700195,2.0
7.329587936401367,2.0
5.742666721343994,3.0
6.36403751373291,2.0
8.236742973327637,2.0
7.452844142913818,1.0
7.324559688568115,2.0
7.243483066558838,3.0
6.037585258483887,3.0
7.073031425476074,3.0
7.449900150299072,2.0
6.648384094238281,1.0
5.419421672821045,2.0
6.900115966796875,8.0
6.900115966796875,2.0
7.090304851531982,24.0
7.7726945877075195,7.0
7.117691993713379,2.0
6.900115966796875,3.0
6.900115966796875,5.0
7.090304851531982,1.0
6.304067134857178,3.0
6.725716590881348,1.0
7.280039310455322,2.0
7.262814044952393,1.0
7.7726945877075195,10.0
7.090304851531982,9.0
7.584922790527344,9.0
7.3488898277282715,2.0
7.243483066558838,4.0
7.331686496734619,3.0
7.876759052276611,1.0
8.989542007446289,1.0
6.36403751373291,1.0
7.243483066558838,3.0
5.402369022369385,2.0
6.096546649932861,4.0
6.900115966796875,1.0
5.402369022369385,1.0
5.402369022369385,1.0
7.159359931945801,3.0
5.759848594665527,1.0
7.243483066558838,1.0
5.446486473083496,2.0
6.037585258483887,1.0
7.589949131011963,2.0
13.18029499053955,1.0
6.123945713043213,3.0
6.457806587219238,5.0
7.56781005859375,2.0
6.700357437133789,4.0
7.262814044952393,8.0
7.243483066558838,1.0
7.090304851531982,7.0
6.037585258483887,2.0
6.262291431427002,1.0
6.986609935760498,3.0
7.584922790527344,1.0
9.003768920898438,1.0
6.123945713043213,1.0
6.900115966796875,9.0
6.760358810424805,1.0
8.464559555053711,1.0
6.900115966796875,6.0
7.245584964752197,7.0
6.4440226554870605,2.0
7.7726945877075195,7.0
6.606556415557861,1.0
6.175806045532227,1.0
7.243483066558838,1.0
