predicted,real
1.005573034286499,1.0
5.155228137969971,1.0
5.42600154876709,1.0
2.6035046577453613,50.0
5.053489685058594,36.0
-0.3487820029258728,1.0
5.439821720123291,5.0
5.439821720123291,3.0
1.005573034286499,1.0
3.0364086627960205,2.0
2.9996399879455566,3.0
2.9502453804016113,1.0
0.8255747556686401,1.0
0.19805042445659637,5.0
1.005573034286499,1.0
0.7109330892562866,1.0
4.4869303703308105,2.0
1.005573034286499,2.0
5.439821720123291,2.0
5.439821720123291,2.0
2.9996399879455566,2.0
3.6522696018218994,1.0
5.393311977386475,1.0
0.7342610955238342,1.0
0.7342610955238342,2.0
1.0315747261047363,1.0
5.439821720123291,4.0
0.36318305134773254,4.0
0.9798220992088318,1.0
2.9996399879455566,2.0
3.140887498855591,1.0
1.6716504096984863,1.0
3.8588671684265137,3.0
0.7237594723701477,3.0
3.7678768634796143,1.0
2.9996399879455566,4.0
1.0315747261047363,4.0
2.668149471282959,3.0
-0.16214753687381744,1.0
1.0244147777557373,2.0
2.9502453804016113,1.0
0.1632169634103775,3.0
3.7360033988952637,1.0
2.562164545059204,4.0
0.9708942174911499,1.0
3.086195468902588,2.0
4.132091999053955,4.0
0.0823473110795021,1.0
-0.3977743685245514,1.0
5.439821720123291,29.999999999999996
3.140887498855591,2.0
2.811354637145996,1.0
-0.28918397426605225,2.0
5.439821720123291,2.0
5.551522254943848,1.0
1.3412712812423706,1.0
5.115489482879639,3.0
1.005573034286499,3.0
5.353684902191162,1.0
2.9502453804016113,2.0
0.39211708307266235,1.0
0.7342610955238342,7.0
2.8176541328430176,3.0
3.961991548538208,1.0
3.7360033988952637,2.0
2.1240909099578857,3.0
1.7589713335037231,2.0
2.8176541328430176,44.0
0.8919459581375122,1.0
2.8176541328430176,12.0
3.7678768634796143,1.0
1.6107423305511475,1.0
2.6035046577453613,13.0
4.909758567810059,4.0
5.2415947914123535,14.0
0.9708942174911499,2.0
4.92032527923584,4.0
3.961991548538208,1.0
3.961991548538208,1.0
5.439821720123291,3.0
0.20325756072998047,1.0
0.1972406506538391,1.0
2.1573259830474854,11.0
4.407807350158691,2.0
2.979142189025879,2.0
0.3405553102493286,4.0
-0.19921816885471344,1.0
5.0031657218933105,10.0
1.8850890398025513,1.0
2.9996399879455566,7.0
2.9996399879455566,1.0
0.1972406506538391,1.0
4.092888832092285,13.0
1.3605949878692627,3.0
5.42600154876709,1.0
0.15232358872890472,1.0
4.6199774742126465,2.0
1.7279006242752075,3.0
1.005573034286499,4.0
5.2415947914123535,9.0
0.6859167218208313,1.0
2.9996399879455566,6.0
0.16400565207004547,3.0
5.075740814208984,3.0
3.961991548538208,4.0
2.9566221237182617,1.0
1.1061582565307617,4.0
1.7279006242752075,1.0
5.353684902191162,1.0
5.439821720123291,1.0
2.6035046577453613,22.0
2.9502453804016113,3.0
1.005573034286499,1.0
2.463517427444458,1.0
5.439821720123291,2.0
2.9502453804016113,1.0
1.4062927961349487,1.0
2.9996399879455566,8.0
2.6035046577453613,13.0
5.2415947914123535,3.0
4.92032527923584,2.0
3.4612083435058594,2.0
2.7037572860717773,1.0
2.6035046577453613,12.0
2.18487811088562,1.0
3.9366326332092285,1.0
0.7342610955238342,1.0
2.96301531791687,2.0
3.5250701904296875,4.0
0.1632169634103775,1.0
0.9498399496078491,1.0
2.9996399879455566,1.0
3.6522696018218994,1.0
4.44405460357666,1.0
5.0031657218933105,13.0
2.6035046577453613,8.0
2.337810754776001,3.0
2.96301531791687,1.0
1.6054619550704956,8.0
0.14444059133529663,4.0
5.439821720123291,1.0
2.6035046577453613,14.0
2.811354637145996,3.0
0.7342610955238342,19.0
2.7037572860717773,1.0
1.3530097007751465,11.0
5.42600154876709,1.0
3.2414987087249756,1.0
5.439821720123291,4.0
0.7342610955238342,10.0
0.1972406506538391,1.0
3.4768664836883545,11.0
2.4982962608337402,3.0
3.7360033988952637,3.0
4.92032527923584,1.0
3.8841469287872314,1.0
3.5250701904296875,59.0
5.0031657218933105,8.0
2.562164545059204,5.0
2.8176541328430176,7.0
5.3863959312438965,7.0
1.005573034286499,16.0
1.7279006242752075,1.0
0.7774091362953186,1.0
3.103804349899292,1.0
1.7279006242752075,1.0
2.6035046577453613,76.0
4.15078592300415,1.0
5.42600154876709,1.0
0.07769285887479782,2.0
3.961991548538208,1.0
5.400225639343262,3.0
1.575329065322876,2.0
3.0364086627960205,2.0
5.0031657218933105,116.99999999999999
2.6035046577453613,14.999999999999998
3.7678768634796143,1.0
0.7815801501274109,1.0
4.844122409820557,2.0
2.8176541328430176,6.0
5.439821720123291,12.0
1.005573034286499,1.0
4.328827381134033,9.0
0.7342610955238342,5.0
2.4124412536621094,3.0
3.961991548538208,2.0
2.811354637145996,1.0
0.7578128576278687,1.0
2.8176541328430176,7.0
3.0364086627960205,1.0
0.7109330892562866,2.0
3.961991548538208,2.0
3.8841469287872314,1.0
5.3863959312438965,5.0
-0.4126940369606018,2.0
1.7279006242752075,2.0
3.308929443359375,1.0
5.353684902191162,5.0
5.0031657218933105,31.000000000000004
5.042925834655762,5.0
5.0031657218933105,23.0
2.01971173286438,1.0
0.691848874092102,3.0
1.6054619550704956,1.0
5.3863959312438965,2.0
5.075740814208984,1.0
0.7342610955238342,2.0
4.605818271636963,8.0
2.6035046577453613,10.0
5.623537540435791,1.0
2.9868357181549072,3.0
5.400225639343262,2.0
0.39211708307266235,2.0
5.0031657218933105,27.0
3.799806594848633,3.0
5.439821720123291,3.0
3.961991548538208,1.0
5.42600154876709,1.0
5.0031657218933105,2.0
5.0031657218933105,50.0
0.7774091362953186,1.0
5.439821720123291,1.0
-0.26933494210243225,1.0
4.999850273132324,1.0
0.8789417147636414,1.0
1.005573034286499,5.0
1.38932204246521,5.0
5.2415947914123535,10.0
4.92032527923584,4.0
2.6035046577453613,9.0
1.005573034286499,5.0
2.9996399879455566,7.0
5.3863959312438965,5.0
5.439821720123291,5.0
2.6035046577453613,82.0
3.140887498855591,8.0
2.6035046577453613,14.0
3.140887498855591,9.0
0.9498399496078491,1.0
3.3986079692840576,4.0
0.13014397025108337,1.0
2.9502453804016113,2.0
2.463517427444458,3.0
2.6035046577453613,4.0
3.8065638542175293,2.0
3.4612083435058594,8.0
1.7279006242752075,2.0
2.9566221237182617,1.0
1.575329065322876,1.0
1.005573034286499,9.0
2.9868357181549072,2.0
1.005573034286499,5.0
5.439821720123291,3.0
1.005573034286499,2.0
4.15078592300415,1.0
-0.02237355336546898,1.0
2.9502453804016113,1.0
3.8065638542175293,6.0
2.9996399879455566,2.0
5.439821720123291,6.0
2.6035046577453613,40.0
5.472480297088623,2.0
5.400225639343262,6.0
4.046907901763916,7.0
4.844122409820557,6.0
-0.3172779977321625,2.0
2.463517427444458,20.0
3.961991548538208,3.0
-0.16552236676216125,3.0
2.96301531791687,1.0
4.05373477935791,1.0
3.246248245239258,2.0
4.847744941711426,1.0
2.091038465499878,2.0
1.6662993431091309,1.0
2.463517427444458,4.0
5.551522254943848,4.0
3.0364086627960205,5.0
1.120155692100525,2.0
1.7279006242752075,1.0
2.9996399879455566,5.0
2.9868357181549072,4.0
4.956463813781738,2.0
3.4612083435058594,3.0
4.447352886199951,3.0
2.603508234024048,20.0
2.999645233154297,4.0
