predicted,real
0.2126713991165161,1.0
3.6286532878875732,2.0
4.486071586608887,36.0
4.465142726898193,4.0
3.003021001815796,3.0
5.288129806518555,2.0
5.308308124542236,2.0
4.100744724273682,29.999999999999996
5.32459020614624,5.0
5.7088446617126465,3.0
5.7088446617126465,4.0
2.879624128341675,4.0
1.8591957092285156,1.0
3.133809804916382,5.0
5.32459020614624,2.0
4.3922038078308105,16.0
2.0460171699523926,2.0
4.428670406341553,1.0
5.745194435119629,1.0
1.7742445468902588,1.0
5.142233848571777,2.0
1.8591957092285156,1.0
1.685848355293274,2.0
1.3985795974731445,1.0
0.5207279324531555,1.0
2.228332996368408,2.0
1.8591957092285156,1.0
1.8591957092285156,1.0
5.7088446617126465,1.0
4.538102149963379,2.0
4.399386405944824,1.0
2.2844512462615967,3.0
3.130568265914917,3.0
1.883988618850708,19.0
5.7088446617126465,3.0
3.0668277740478516,9.0
1.8591957092285156,4.0
4.538102149963379,1.0
4.923271179199219,82.0
1.6259938478469849,1.0
5.7088446617126465,1.0
3.133809804916382,2.0
2.228332996368408,2.0
1.789725422859192,3.0
2.2635233402252197,1.0
2.520294189453125,2.0
4.160576820373535,4.0
-1.0184476375579834,1.0
2.4400217533111572,3.0
4.923271179199219,3.0
5.32459020614624,18.0
5.7088446617126465,2.0
5.142233848571777,6.0
1.8591957092285156,1.0
4.412383556365967,5.0
3.724459171295166,3.0
3.0309503078460693,2.0
3.5924441814422607,3.0
1.4107640981674194,1.0
1.8591957092285156,4.0
1.498250961303711,2.0
1.8591957092285156,1.0
4.538102149963379,7.0
0.8912286162376404,1.0
5.7088446617126465,3.0
2.729797840118408,14.999999999999998
4.137144565582275,4.0
3.9987668991088867,5.0
2.228332996368408,1.0
4.538102149963379,7.0
4.923271179199219,7.0
3.133809804916382,2.0
3.133809804916382,7.0
5.142233848571777,2.0
4.966960430145264,4.0
4.253584384918213,1.0
5.32459020614624,7.0
4.538102149963379,16.0
5.32459020614624,14.0
1.789725422859192,1.0
1.1498929262161255,4.0
4.797466278076172,1.0
4.538102149963379,12.0
0.3787950575351715,1.0
5.526926040649414,2.0
0.24842499196529388,1.0
5.32459020614624,7.0
4.923271179199219,4.0
1.8591957092285156,2.0
5.7088446617126465,1.0
2.436833620071411,1.0
4.538102149963379,16.0
2.253415107727051,3.0
5.7088446617126465,1.0
1.789725422859192,2.0
4.375919818878174,2.0
2.8208913803100586,4.0
0.7187144756317139,1.0
2.1580491065979004,1.0
3.543354034423828,10.0
4.757065773010254,1.0
2.7527377605438232,1.0
4.7772650718688965,3.0
4.3922038078308105,3.0
4.833968162536621,2.0
1.8591957092285156,1.0
4.923271179199219,2.0
4.538102149963379,2.0
2.087916612625122,1.0
0.9657877683639526,3.0
1.8591957092285156,1.0
2.2635233402252197,2.0
4.923271179199219,3.0
3.182579517364502,1.0
4.976070880889893,10.0
5.526926040649414,5.0
3.896880865097046,1.0
4.939571857452393,17.0
4.3922038078308105,8.0
4.939571857452393,3.0
4.923271179199219,6.0
5.7088446617126465,1.0
5.308308124542236,10.0
1.3961968421936035,1.0
5.32459020614624,1.0
4.412383556365967,3.0
5.308308124542236,5.0
5.361042499542236,5.0
4.939571857452393,13.0
1.789725422859192,1.0
4.740765571594238,1.0
5.32459020614624,4.0
4.538102149963379,46.0
4.538102149963379,24.0
1.8591957092285156,12.0
3.724459171295166,2.0
4.939571857452393,3.0
6.091739654541016,1.0
2.5304782390594482,1.0
4.939571857452393,12.0
1.685848355293274,1.0
3.169755697250366,1.0
3.5924441814422607,7.0
4.923271179199219,4.0
3.514310598373413,2.0
1.8591957092285156,5.0
1.8591957092285156,2.0
1.685848355293274,1.0
4.545289039611816,12.0
4.399386405944824,1.0
4.538102149963379,8.0
5.32459020614624,13.0
4.90307092666626,6.0
5.526926040649414,1.0
-0.5531876087188721,1.0
4.100744724273682,13.0
3.724459171295166,2.0
4.923271179199219,1.0
4.923271179199219,2.0
5.745194435119629,2.0
1.7204289436340332,1.0
1.8591957092285156,1.0
3.550482749938965,4.0
3.0818428993225098,1.0
3.869624376296997,3.0
1.0297037363052368,1.0
1.8591957092285156,1.0
5.308308124542236,2.0
3.4839231967926025,3.0
5.526926040649414,3.0
4.923271179199219,2.0
1.8591957092285156,2.0
3.550482749938965,1.0
4.923271179199219,3.0
3.514310598373413,3.0
4.939571857452393,12.0
4.757065773010254,44.0
5.308308124542236,1.0
5.142233848571777,6.0
4.538102149963379,6.0
3.5963101387023926,1.0
1.194310188293457,2.0
4.581776142120361,2.0
4.939571857452393,3.0
1.0867384672164917,1.0
4.923271179199219,3.0
2.5304782390594482,3.0
1.685848355293274,1.0
4.574588298797607,5.0
3.169755697250366,1.0
3.514310598373413,1.0
1.4107640981674194,1.0
4.923271179199219,33.0
4.923271179199219,5.0
3.254563808441162,2.0
1.685848355293274,1.0
5.32459020614624,1.0
4.939571857452393,12.0
1.3961968421936035,2.0
1.685848355293274,1.0
5.7088446617126465,5.0
1.7204289436340332,6.0
3.550482749938965,2.0
2.74031138420105,11.0
5.745194435119629,4.0
3.599576711654663,1.0
3.0818428993225098,1.0
3.8333091735839844,2.0
3.169755697250366,4.0
1.759464979171753,1.0
3.4469106197357178,1.0
4.465142726898193,8.0
5.142233848571777,3.0
4.144316673278809,1.0
4.939571857452393,2.0
4.923271179199219,50.0
5.308308124542236,10.0
4.939571857452393,11.0
5.308308124542236,1.0
2.60147762298584,1.0
3.543354034423828,1.0
5.7088446617126465,2.0
4.939571857452393,1.0
4.923271179199219,8.0
4.375919818878174,1.0
1.685848355293274,1.0
4.253584384918213,1.0
5.361042499542236,1.0
5.7088446617126465,8.0
4.923271179199219,12.0
3.169755697250366,2.0
5.526926040649414,1.0
2.2635233402252197,2.0
-0.1343090981245041,2.0
3.514310598373413,4.0
4.538102149963379,14.0
4.538102149963379,13.0
5.526926040649414,1.0
4.375919818878174,1.0
4.959770679473877,3.0
4.757065773010254,13.0
5.32459020614624,5.0
5.308308124542236,14.999999999999998
4.939571857452393,3.0
4.747954845428467,1.0
4.538102149963379,29.999999999999996
4.830068111419678,3.0
1.5823572874069214,1.0
4.538102149963379,71.0
2.1580491065979004,1.0
2.052908420562744,2.0
3.169755697250366,1.0
4.574588298797607,1.0
2.626811981201172,1.0
1.8939841985702515,3.0
5.7088446617126465,3.0
4.966960430145264,2.0
4.90307092666626,2.0
1.8591957092285156,1.0
3.724459171295166,5.0
2.6180660724639893,4.0
2.253415107727051,2.0
4.923271179199219,19.0
3.514310598373413,2.0
4.939571857452393,17.0
2.228332996368408,1.0
4.375919818878174,2.0
3.724459171295166,2.0
3.398801565170288,3.0
4.465142726898193,26.0
5.745194435119629,1.0
2.955018997192383,2.0
5.526926040649414,1.0
4.375919818878174,3.0
3.688204050064087,1.0
4.90307092666626,19.0
3.724459171295166,1.0
3.133809804916382,5.0
4.3922038078308105,6.0
5.32459020614624,4.0
3.0619754791259766,1.0
4.830068111419678,5.0
3.169755697250366,1.0
3.4839231967926025,12.0
4.757065773010254,17.0
2.2283334732055664,1.0
5.3083086013793945,7.0
