predicted,real
4.924655437469482,3.0
5.8319878578186035,2.0
5.574549674987793,7.0
6.479735374450684,2.0
6.11745023727417,2.0
5.889251708984375,1.0
6.308051586151123,3.0
6.519118785858154,33.0
5.640297889709473,1.0
5.745009422302246,9.0
5.574549674987793,10.0
3.6674931049346924,1.0
6.174275875091553,2.0
5.640297889709473,2.0
6.253965377807617,12.0
6.7483673095703125,16.0
5.4157395362854,5.0
5.4318528175354,3.0
5.4318528175354,1.0
6.253965377807617,2.0
6.378037929534912,2.0
4.7056193351745605,1.0
6.273740768432617,2.0
5.574549674987793,6.0
5.4157395362854,1.0
6.479735374450684,7.0
5.821731090545654,2.0
4.617356300354004,1.0
5.717996120452881,12.0
5.561293125152588,1.0
6.479735374450684,9.0
5.73085880279541,2.0
5.640297889709473,2.0
6.479735374450684,31.000000000000004
6.36761474609375,5.0
6.11745023727417,1.0
6.253965377807617,5.0
6.36761474609375,1.0
6.308051586151123,2.0
6.049927234649658,8.0
5.920604705810547,1.0
5.819477558135986,1.0
4.3103718757629395,1.0
5.640297889709473,6.0
5.819477558135986,1.0
5.848917007446289,2.0
5.73781156539917,2.0
6.519118785858154,6.0
5.574549674987793,2.0
4.009975433349609,1.0
6.36761474609375,3.0
6.339959621429443,3.0
6.36761474609375,8.0
5.640297889709473,6.0
6.36761474609375,12.0
5.241053581237793,1.0
5.8319878578186035,5.0
5.574549674987793,11.0
5.028293609619141,1.0
5.485987186431885,1.0
5.550455570220947,2.0
5.8319878578186035,5.0
4.924655437469482,2.0
6.48156213760376,7.0
6.419271469116211,17.0
4.7056193351745605,1.0
5.574549674987793,18.0
6.419271469116211,27.0
4.398796081542969,1.0
6.251951694488525,3.0
6.11745023727417,2.0
6.253965377807617,1.0
4.632083892822266,9.0
6.479735374450684,16.0
5.717996120452881,6.0
6.400641918182373,3.0
4.617356300354004,2.0
4.632083892822266,6.0
6.071198463439941,1.0
6.253965377807617,2.0
6.177026748657227,2.0
6.253965377807617,2.0
5.640297889709473,1.0
5.893836975097656,1.0
5.574549674987793,3.0
5.717996120452881,7.0
4.793566703796387,1.0
5.4318528175354,1.0
6.679825782775879,2.0
6.185504913330078,4.0
5.819477558135986,1.0
6.259154319763184,5.0
5.574549674987793,2.0
5.463904857635498,1.0
5.322088241577148,1.0
5.539577960968018,1.0
4.3103718757629395,4.0
6.0337700843811035,1.0
5.26393461227417,1.0
5.26393461227417,1.0
4.793566703796387,4.0
4.632083892822266,1.0
5.743581295013428,1.0
6.128906726837158,4.0
5.458981513977051,1.0
4.632083892822266,4.0
5.7690229415893555,1.0
6.240991592407227,1.0
5.717996120452881,40.0
6.253965377807617,1.0
4.996819496154785,1.0
6.262869834899902,10.0
6.253965377807617,1.0
5.499442100524902,1.0
5.7690229415893555,4.0
3.9488842487335205,1.0
4.632083892822266,4.0
5.640297889709473,1.0
6.392220497131348,1.0
6.293262004852295,1.0
6.253965377807617,1.0
6.4716105461120605,4.0
6.419271469116211,7.0
6.392220497131348,1.0
6.439611434936523,5.0
5.717996120452881,10.0
4.982423782348633,2.0
5.097182750701904,2.0
6.499519348144531,8.0
6.36761474609375,5.0
5.4318528175354,1.0
5.906095027923584,4.0
6.36761474609375,3.0
5.8319878578186035,7.0
5.73085880279541,3.0
5.889251708984375,4.0
5.623709201812744,2.0
4.793566703796387,2.0
6.36761474609375,13.0
5.920604705810547,1.0
4.413543224334717,1.0
5.819477558135986,1.0
6.419271469116211,6.0
4.504810810089111,2.0
5.4318528175354,1.0
6.028596878051758,3.0
6.71683406829834,1.0
6.479735374450684,77.0
4.924655437469482,2.0
5.574549674987793,6.0
5.526184558868408,2.0
5.574549674987793,5.0
5.485987186431885,1.0
4.593292236328125,2.0
6.293262004852295,1.0
5.819477558135986,1.0
5.587779521942139,1.0
4.504810810089111,1.0
5.717996120452881,4.0
6.479735374450684,12.0
6.479735374450684,19.0
5.819477558135986,1.0
6.509341716766357,1.0
6.424901008605957,2.0
6.36761474609375,4.0
6.2078351974487305,1.0
5.856867790222168,3.0
6.275691509246826,9.0
4.793566703796387,5.0
4.632083892822266,1.0
4.617356300354004,4.0
5.881534576416016,3.0
5.458981513977051,1.0
6.253965377807617,1.0
5.574549674987793,8.0
4.632083892822266,1.0
5.028293609619141,3.0
5.640297889709473,44.0
6.192471981048584,1.0
5.717996120452881,2.0
5.193808078765869,1.0
6.128906726837158,1.0
5.6058030128479,1.0
6.576796054840088,1.0
6.2078351974487305,7.0
6.110140323638916,1.0
3.6674931049346924,1.0
6.275734901428223,3.0
5.8319878578186035,5.0
5.574549674987793,4.0
6.002707481384277,3.0
5.640297889709473,3.0
6.36761474609375,11.0
4.251567840576172,1.0
5.574549674987793,3.0
5.906095027923584,2.0
5.912841796875,1.0
4.793566703796387,2.0
5.717996120452881,2.0
4.617356300354004,1.0
6.977742671966553,3.0
3.934558391571045,1.0
5.893836975097656,3.0
5.850480079650879,11.0
5.745009422302246,13.0
4.475293159484863,2.0
6.419271469116211,1.0
6.623579978942871,2.0
4.617356300354004,1.0
6.253965377807617,2.0
4.793566703796387,1.0
5.4318528175354,1.0
4.793566703796387,8.0
6.253965377807617,2.0
5.900554656982422,1.0
4.632083892822266,1.0
6.308051586151123,4.0
4.578572750091553,1.0
5.717996120452881,19.0
6.2430100440979,3.0
4.646792888641357,1.0
5.692242622375488,1.0
6.253965377807617,1.0
6.479735374450684,50.0
5.60914421081543,6.0
6.419271469116211,6.0
6.7483673095703125,12.0
5.574549674987793,10.0
6.491469860076904,1.0
5.319547176361084,1.0
5.717996120452881,9.0
4.632083892822266,2.0
5.207882881164551,14.999999999999998
4.7056193351745605,4.0
6.473442554473877,2.0
6.3571457862854,3.0
6.36761474609375,5.0
5.640297889709473,12.0
4.808239459991455,2.0
5.499442100524902,2.0
5.574549674987793,5.0
5.574549674987793,2.0
6.479735374450684,2.0
6.36761474609375,29.999999999999996
6.36761474609375,1.0
6.275734901428223,1.0
5.561293125152588,5.0
6.240991592407227,3.0
5.458930492401123,1.0
5.844393253326416,1.0
5.574549674987793,14.0
6.306081771850586,3.0
5.819477558135986,1.0
4.793566703796387,2.0
6.359074115753174,1.0
6.308051586151123,2.0
6.732693195343018,6.0
5.819477558135986,1.0
5.485987186431885,8.0
5.458981513977051,3.0
5.717996120452881,13.0
4.986017227172852,4.0
5.499442100524902,1.0
6.128906726837158,5.0
6.520910739898682,1.0
5.9986491203308105,3.0
6.5612711906433105,2.0
6.253965377807617,2.0
5.374698638916016,3.0
5.5637359619140625,1.0
6.071198463439941,1.0
6.253965377807617,1.0
6.731101036071777,4.0
6.253965377807617,1.0
5.561293125152588,5.0
5.485987186431885,5.0
5.574549674987793,3.0
4.793566703796387,5.0
6.999227523803711,1.0
6.038168430328369,5.0
6.389325141906738,2.0
6.392220497131348,1.0
6.36761474609375,1.0
6.297325134277344,1.0
6.36761474609375,13.0
6.608400821685791,2.0
5.717996597290039,11.0
