predicted,real
5.822525501251221,1.0
6.140659332275391,1.0
6.575648784637451,6.0
6.369686603546143,7.0
5.836081504821777,2.0
6.369686603546143,26.0
5.027121067047119,1.0
5.347490310668945,1.0
6.077585220336914,4.0
6.26861047744751,1.0
4.756799221038818,2.0
4.518986225128174,2.0
5.155844688415527,1.0
6.319143772125244,13.0
4.698397636413574,2.0
5.836081504821777,7.0
6.277032852172852,11.0
6.277032852172852,6.0
5.391271591186523,1.0
6.182799816131592,2.0
6.369686603546143,12.0
5.797967433929443,2.0
4.653772354125977,1.0
6.277032852172852,12.0
6.258613109588623,3.0
5.220423221588135,1.0
5.220423221588135,1.0
5.704052448272705,5.0
6.334414958953857,2.0
5.488692283630371,4.0
5.836081504821777,7.0
5.583816051483154,3.0
5.827575206756592,4.0
2.257164716720581,1.0
6.347837924957275,5.0
6.277032852172852,2.0
4.653772354125977,4.0
4.756799221038818,2.0
5.2292914390563965,1.0
4.095146656036377,2.0
6.255189895629883,1.0
6.369686603546143,7.0
5.335145473480225,4.0
4.7007551193237305,3.0
6.140659332275391,2.0
5.618259429931641,3.0
6.338809490203857,5.0
5.583816051483154,4.0
6.128801345825195,3.0
5.827575206756592,1.0
5.184248924255371,1.0
4.36024808883667,1.0
5.027121067047119,1.0
6.369686603546143,12.0
6.601031303405762,2.0
5.181122303009033,1.0
5.497366428375244,1.0
6.277032852172852,9.0
5.264686584472656,6.0
4.653772354125977,1.0
6.487729549407959,3.0
5.432851791381836,1.0
5.827575206756592,1.0
4.623684406280518,1.0
6.283880233764648,7.0
5.026469707489014,1.0
6.277032852172852,17.0
6.285454750061035,2.0
6.174373149871826,1.0
5.347490310668945,2.0
5.509554386138916,1.0
5.488692283630371,2.0
5.583816051483154,10.0
6.369686603546143,16.0
6.277032852172852,3.0
4.7007551193237305,4.0
6.810025215148926,2.0
4.644340991973877,4.0
6.132228851318359,1.0
6.2501912117004395,3.0
5.583816051483154,5.0
6.182799816131592,3.0
6.462416648864746,2.0
5.488692283630371,3.0
4.644190311431885,1.0
4.756799221038818,7.0
6.120368957519531,3.0
6.128801345825195,2.0
5.488692283630371,14.0
6.140659332275391,9.0
6.277032852172852,4.0
5.66978645324707,2.0
6.285454750061035,1.0
5.382528781890869,1.0
5.238150119781494,5.0
6.589129447937012,7.0
6.212470054626465,3.0
4.644340991973877,2.0
6.369686603546143,24.0
6.15751838684082,3.0
3.5016324520111084,11.0
5.422020435333252,1.0
5.488692283630371,10.0
5.488692283630371,10.0
6.580668926239014,2.0
5.2999677658081055,1.0
4.644340991973877,1.0
5.488552093505859,1.0
4.756799221038818,1.0
5.836081504821777,3.0
6.9988322257995605,19.0
6.277032852172852,1.0
6.369686603546143,232.0
6.4033942222595215,6.0
4.756799221038818,8.0
4.663189888000488,1.0
5.4800124168396,2.0
4.756799221038818,8.0
5.9576873779296875,3.0
5.949220657348633,2.0
5.488692283630371,2.0
6.013457298278809,2.0
5.027121067047119,2.0
6.277032852172852,1.0
6.285454750061035,2.0
5.347490310668945,1.0
5.827575206756592,1.0
6.140659332275391,1.0
5.134989261627197,2.0
6.15751838684082,1.0
4.653772354125977,2.0
6.453982353210449,8.0
5.347490310668945,7.0
4.653772354125977,1.0
6.277032852172852,24.0
6.140659332275391,1.0
6.317568778991699,2.0
6.482720851898193,7.0
5.8735222816467285,1.0
5.488692283630371,2.0
5.181122303009033,1.0
5.830423355102539,1.0
5.532005310058594,2.0
5.81499719619751,1.0
2.4105913639068604,14.999999999999998
6.027528762817383,1.0
5.264686584472656,1.0
5.618259429931641,20.0
6.128801345825195,5.0
5.017429828643799,1.0
5.827575206756592,1.0
5.583816051483154,13.0
5.532005310058594,1.0
6.288877964019775,9.0
5.045179843902588,1.0
4.676413536071777,1.0
4.518986225128174,1.0
5.686928749084473,8.0
5.704052448272705,1.0
6.277032852172852,8.0
6.277032852172852,5.0
4.1462788581848145,1.0
4.7007551193237305,1.0
4.486284255981445,1.0
6.132228851318359,3.0
5.836081504821777,1.0
4.633133411407471,1.0
5.488692283630371,3.0
6.208074569702148,1.0
6.0064496994018555,1.0
5.488692283630371,1.0
5.836081504821777,5.0
4.1462788581848145,1.0
5.618259429931641,5.0
5.601047039031982,1.0
4.756799221038818,21.0
5.338713645935059,2.0
6.369686603546143,19.0
5.488692283630371,3.0
4.4998064041137695,1.0
4.644340991973877,6.0
5.532005310058594,1.0
5.806483268737793,5.0
3.727893114089966,1.0
6.369686603546143,13.0
5.184248924255371,1.0
3.7280642986297607,1.0
5.488552093505859,1.0
6.263008117675781,2.0
4.644340991973877,4.0
5.3650221824646,3.0
6.2249226570129395,1.0
6.128801345825195,2.0
5.81499719619751,2.0
5.347490310668945,1.0
5.4610114097595215,1.0
6.904170036315918,2.0
4.653772354125977,2.0
5.8735222816467285,2.0
6.4033942222595215,2.0
4.653772354125977,7.0
4.756799221038818,2.0
5.535521030426025,1.0
5.347490310668945,1.0
4.795544624328613,6.0
6.069750785827637,5.0
4.653772354125977,7.0
5.71260929107666,3.0
6.103501796722412,2.0
5.457475662231445,1.0
6.393391132354736,2.0
4.653772354125977,3.0
6.182799816131592,4.0
6.237740516662598,10.0
5.488692283630371,2.0
6.2501912117004395,1.0
4.887747764587402,1.0
5.335145473480225,6.0
6.140659332275391,4.0
6.044422149658203,2.0
4.653772354125977,2.0
5.018073558807373,1.0
5.8735222816467285,1.0
5.836081504821777,3.0
4.728823184967041,2.0
6.277032852172852,4.0
6.445547580718994,7.0
2.463163375854492,14.999999999999998
5.532005310058594,32.0
5.027121067047119,2.0
4.756799221038818,5.0
5.575192451477051,4.0
5.066868782043457,2.0
4.653772354125977,1.0
5.8735222816467285,1.0
5.027121067047119,1.0
5.827575206756592,1.0
6.061308860778809,1.0
6.319143772125244,9.0
4.756799221038818,10.0
6.182799816131592,2.0
5.488692283630371,3.0
5.264686584472656,1.0
5.3650221824646,1.0
4.7007551193237305,2.0
4.486284255981445,1.0
4.653772354125977,1.0
4.653772354125977,2.0
5.338713645935059,1.0
5.347490310668945,4.0
5.361460208892822,4.0
4.7007551193237305,1.0
5.163305282592773,1.0
6.182799816131592,1.0
4.576262474060059,2.0
2.257164716720581,3.0
5.027121067047119,1.0
1.2234817743301392,2.0
6.369686603546143,32.0
4.756799221038818,7.0
6.277032852172852,2.0
6.334414958953857,7.0
5.4800124168396,1.0
5.391271591186523,2.0
5.592432022094727,2.0
4.653772354125977,1.0
6.140659332275391,1.0
5.532005310058594,2.0
5.391271591186523,1.0
5.66978645324707,1.0
6.077585220336914,10.0
5.645926475524902,1.0
6.26861047744751,2.0
1.2089412212371826,5.0
4.435612201690674,3.0
6.369686603546143,7.0
6.369686603546143,3.0
6.15751838684082,1.0
6.026922225952148,5.0
4.7007551193237305,1.0
5.3650221824646,1.0
6.140659332275391,12.0
4.4998064041137695,2.0
6.280456066131592,3.0
5.488691806793213,2.0
6.061308860778809,2.0
6.4033942222595215,33.0
