predicted,real
9.849708557128906,12.0
-12.059073448181152,2.0
-12.66839599609375,1.0
10.037744522094727,2.0
5.092193126678467,2.0
13.549612045288086,11.0
-5.949620246887207,5.0
33.06187057495117,7.0
6.7680439949035645,10.0
-17.537004470825195,8.0
26.30413246154785,9.0
-8.412676811218262,3.0
39.791175842285156,4.0
1.4155247211456299,1.0
-14.331936836242676,3.0
26.30413246154785,3.0
-9.626794815063477,1.0
-14.324140548706055,4.0
4.912278652191162,3.0
60.48500061035156,10.0
-16.93851661682129,4.0
13.105154991149902,1.0
-14.324140548706055,1.0
-12.66839599609375,9.0
11.263008117675781,2.0
-32.956302642822266,4.0
-10.237319946289062,2.0
7.556343078613281,6.0
41.62016296386719,5.0
4.912278652191162,2.0
-14.324140548706055,2.0
6.7680439949035645,1.0
-36.51314163208008,3.0
20.184463500976562,1.0
5.092193126678467,1.0
13.105154991149902,3.0
-28.796653747558594,1.0
-31.760831832885742,1.0
-12.66839599609375,1.0
-29.38599967956543,1.0
70.91685485839844,2.0
-1.664865493774414,2.0
6.7680439949035645,4.0
-14.331936836242676,1.0
13.549612045288086,14.0
5.092193126678467,1.0
4.912278652191162,2.0
0.8364195823669434,4.0
7.572151184082031,2.0
5.092193126678467,2.0
0.6211326122283936,1.0
8.60890007019043,1.0
5.092193126678467,1.0
-7.173859596252441,1.0
29.56610107421875,1.0
22.181598663330078,1.0
26.30413246154785,12.0
13.549612045288086,10.0
26.30413246154785,4.0
-5.949620246887207,4.0
6.7680439949035645,1.0
7.3842082023620605,1.0
5.092193126678467,2.0
-35.923118591308594,1.0
-5.949620246887207,7.0
73.24667358398438,10.0
37.288265228271484,1.0
26.30413246154785,5.0
4.912278652191162,1.0
-9.618963241577148,5.0
33.06187057495117,27.0
6.7680439949035645,7.0
-9.63463020324707,1.0
-35.923118591308594,1.0
9.849708557128906,2.0
-5.949620246887207,2.0
26.919376373291016,19.0
9.849708557128906,10.0
6.151976108551025,2.0
26.30413246154785,4.0
8.548587799072266,1.0
20.94121551513672,8.0
-13.107237815856934,1.0
-9.63463020324707,4.0
-23.994314193725586,2.0
-5.949620246887207,7.0
29.37870216369629,8.0
33.06187057495117,116.99999999999999
5.092193126678467,4.0
26.30413246154785,9.0
17.858728408813477,2.0
6.151976108551025,5.0
6.7680439949035645,3.0
-19.337745666503906,1.0
33.06187057495117,14.0
-32.35505676269531,1.0
13.549612045288086,7.0
-12.498258590698242,1.0
6.151976108551025,11.0
-12.066985130310059,1.0
22.985576629638672,1.0
29.37870216369629,1.0
-36.50557327270508,4.0
0.8364195823669434,14.999999999999998
-23.408170700073242,1.0
-16.93851661682129,4.0
5.092193126678467,1.0
7.556343078613281,6.0
30.786666870117188,1.0
-5.949620246887207,1.0
-14.331936836242676,1.0
-27.62482261657715,3.0
9.849708557128906,32.0
-12.66839599609375,1.0
9.849708557128906,1.0
24.833099365234375,3.0
21.56540298461914,6.0
12.924971580505371,1.0
13.549612045288086,7.0
21.56540298461914,11.0
4.912278652191162,1.0
0.6211326122283936,1.0
6.324058532714844,1.0
5.092193126678467,5.0
8.796893119812012,2.0
-9.015968322753906,2.0
-40.625389099121094,2.0
13.549612045288086,12.0
2.637866735458374,1.0
-5.949620246887207,4.0
-19.789100646972656,1.0
13.549612045288086,13.0
5.092193126678467,1.0
6.7680439949035645,5.0
5.092193126678467,2.0
5.092193126678467,2.0
6.151976108551025,5.0
5.5281195640563965,5.0
-13.107237815856934,3.0
-29.211626052856445,1.0
-13.107237815856934,1.0
9.849708557128906,6.0
16.016578674316406,1.0
33.06187057495117,16.0
-19.789100646972656,1.0
26.30413246154785,3.0
48.90336608886719,7.0
9.849708557128906,2.0
-16.93851661682129,11.0
-17.91511344909668,2.0
9.849708557128906,2.0
58.69779968261719,3.0
-5.949620246887207,1.0
6.151976108551025,5.0
-27.503986358642578,3.0
29.37870216369629,26.0
-6.56187105178833,1.0
-12.66839599609375,1.0
7.736395359039307,2.0
6.7680439949035645,3.0
6.151976108551025,1.0
-6.6374592781066895,5.0
-12.66839599609375,5.0
33.06187057495117,71.0
-12.66839599609375,1.0
26.30413246154785,13.0
26.30413246154785,1.0
-14.93205738067627,2.0
-21.776884078979492,2.0
-11.279271125793457,1.0
41.98386764526367,1.0
9.841802597045898,2.0
5.10798978805542,1.0
49.26428985595703,2.0
-12.66839599609375,2.0
13.549612045288086,8.0
19.88851547241211,2.0
9.849708557128906,21.0
11.691585540771484,1.0
26.30413246154785,2.0
0.6211326122283936,1.0
13.105154991149902,2.0
-33.37614059448242,1.0
69.92626190185547,1.0
-37.46243667602539,1.0
-35.923118591308594,1.0
-6.390876293182373,2.0
16.633291244506836,1.0
3.6809704303741455,2.0
-15.724812507629395,3.0
39.791175842285156,2.0
-31.173686981201172,1.0
14.166353225708008,23.0
29.37870216369629,27.0
5.5281195640563965,1.0
30.786666870117188,1.0
-13.27728271484375,1.0
5.092193126678467,2.0
7.992560386657715,2.0
6.7680439949035645,6.0
5.092193126678467,1.0
-12.66839599609375,1.0
33.06187057495117,50.0
-12.66839599609375,6.0
29.37870216369629,7.0
-7.785569190979004,2.0
-12.66839599609375,4.0
6.7680439949035645,6.0
-12.66839599609375,1.0
-16.324071884155273,3.0
39.164466857910156,2.0
-16.93073081970215,12.0
-5.949620246887207,2.0
9.849708557128906,1.0
-32.956302642822266,1.0
-17.544771194458008,1.0
40.401161193847656,29.999999999999996
22.181598663330078,3.0
33.06187057495117,6.0
16.016578674316406,3.0
-35.923118591308594,1.0
26.30413246154785,17.0
39.55318069458008,1.0
26.30413246154785,14.999999999999998
7.556343078613281,2.0
30.180421829223633,2.0
61.492530822753906,12.0
26.30413246154785,14.0
26.30413246154785,3.0
6.7680439949035645,2.0
-28.788999557495117,1.0
-20.166244506835938,3.0
26.30413246154785,8.0
-9.618963241577148,1.0
2.450221300125122,1.0
-12.05916976928711,1.0
-35.923118591308594,4.0
6.7680439949035645,6.0
-17.544771194458008,2.0
-20.730722427368164,2.0
26.85129165649414,1.0
-28.796653747558594,2.0
6.324058532714844,2.0
4.715837001800537,5.0
12.308263778686523,3.0
11.691585540771484,3.0
6.7680439949035645,5.0
-5.949620246887207,10.0
9.849708557128906,1.0
-5.949620246887207,4.0
-16.93851661682129,7.0
5.731856346130371,2.0
26.30413246154785,5.0
-35.923118591308594,3.0
21.56540298461914,3.0
-5.949620246887207,2.0
34.28779602050781,26.0
15.391934394836426,1.0
22.17369270324707,3.0
-14.324140548706055,1.0
28.081335067749023,1.0
-40.625389099121094,2.0
-12.929351806640625,3.0
26.30413246154785,8.0
18.475339889526367,4.0
25.688737869262695,1.0
-16.93851661682129,2.0
7.556343078613281,1.0
-5.949620246887207,21.0
6.151976108551025,5.0
13.549612045288086,12.0
-14.324140548706055,2.0
-17.544771194458008,1.0
-12.66839599609375,3.0
-5.949620246887207,7.0
7.556343078613281,1.0
-19.125904083251953,9.0
33.06187057495117,2.0
-25.620838165283203,1.0
12.932881355285645,3.0
-11.888923645019531,8.0
26.30413246154785,17.0
42.40701675415039,6.0
5.90382719039917,2.0
6.7680439949035645,5.0
5.092193126678467,2.0
-17.537004470825195,1.0
