predicted,real
5.501850128173828,1.0
5.444957256317139,1.0
6.324728965759277,4.0
3.5529260635375977,1.0
5.615837574005127,1.0
8.98824405670166,1.0
8.677022933959961,1.0
8.219121932983398,1.0
2.3819291591644287,7.0
2.409525156021118,3.0
8.990643501281738,1.0
9.293859481811523,1.0
5.479136943817139,2.0
3.5751090049743652,1.0
2.3819291591644287,1.0
7.141537666320801,1.0
-1.316293478012085,6.0
8.277969360351562,2.0
8.652859687805176,4.0
-1.3268407583236694,8.0
8.990643501281738,1.0
-1.3268407583236694,3.0
2.391132354736328,1.0
5.452087879180908,1.0
5.444957256317139,2.0
2.380086898803711,5.0
5.444957256317139,2.0
2.3819291591644287,1.0
-1.282555103302002,8.0
2.3819291591644287,1.0
2.3819291591644287,6.0
7.141537666320801,2.0
6.987457275390625,1.0
3.5529260635375977,4.0
8.298429489135742,1.0
8.673590660095215,1.0
5.444957256317139,1.0
5.452087879180908,6.0
2.3819291591644287,9.0
7.141537666320801,1.0
8.676445007324219,1.0
2.391132354736328,1.0
-1.3036383390426636,8.0
3.5614659786224365,2.0
-1.3289504051208496,10.0
8.996212005615234,2.0
9.296722412109375,1.0
7.0284295082092285,1.0
9.284018516540527,3.0
7.141537666320801,2.0
8.210801124572754,1.0
2.4003255367279053,1.0
8.64879035949707,2.0
-1.284664273262024,7.0
-1.3036383390426636,26.0
5.452087879180908,1.0
-1.3268407583236694,1.0
8.701810836791992,1.0
2.4719135761260986,1.0
-1.2783414125442505,13.0
7.141537666320801,1.0
7.1015825271606445,1.0
7.155484199523926,3.0
2.4975414276123047,5.0
-1.3247324228286743,19.0
3.5546367168426514,4.0
-1.3057466745376587,5.0
2.380086898803711,2.0
5.457788944244385,1.0
7.146902084350586,1.0
2.4021666049957275,19.0
2.3819291591644287,3.0
3.566581964492798,7.0
7.141537666320801,4.0
2.409525156021118,1.0
7.150121212005615,1.0
8.676445007324219,8.0
8.665571212768555,3.0
-1.3036383390426636,31.000000000000004
-1.3036383390426636,28.0
7.143683433532715,1.0
2.4480865001678467,2.0
2.3819291591644287,3.0
2.4517548084259033,8.0
6.336053848266602,1.0
7.146902084350586,1.0
2.4021666049957275,10.0
2.508516311645508,4.0
7.167246341705322,2.0
7.1015825271606445,1.0
8.592313766479492,1.0
8.262490272521973,1.0
8.653436660766602,1.0
6.351126194000244,2.0
7.143683433532715,2.0
8.653436660766602,1.0
3.6057705879211426,1.0
2.391132354736328,2.0
8.673590660095215,2.0
2.4021666049957275,1.0
7.096153259277344,1.0
7.102675437927246,2.0
2.380086898803711,11.0
3.3795289993286133,1.0
-1.3268407583236694,5.0
1.6144667863845825,11.0
2.380086898803711,2.0
-1.3268407583236694,5.0
-1.3036383390426636,16.0
2.3819291591644287,5.0
8.21382999420166,1.0
8.678726196289062,1.0
5.444957256317139,1.0
-1.2952040433883667,2.0
2.4021666049957275,14.0
8.67416000366211,1.0
5.460634708404541,1.0
-1.3057466745376587,1.0
-1.3268407583236694,12.0
-1.2530553340911865,4.0
-1.3036383390426636,71.0
3.5717005729675293,3.0
8.653436660766602,3.0
9.288299560546875,1.0
-1.2488429546356201,7.0
3.573404312133789,3.0
8.67416000366211,1.0
5.460634708404541,10.0
2.3819291591644287,6.0
-1.280448079109192,2.0
-1.3268407583236694,10.0
8.994229316711426,3.0
5.460634708404541,8.0
8.653436660766602,1.0
-1.3268407583236694,12.0
3.5546367168426514,1.0
5.443524360656738,2.0
3.566581964492798,2.0
5.444957256317139,1.0
8.653436660766602,1.0
5.444957256317139,5.0
2.4021666049957275,11.0
7.11566162109375,1.0
2.4883933067321777,9.0
7.143683433532715,1.0
5.443524360656738,1.0
8.675312995910645,3.0
9.287625312805176,1.0
-1.3268407583236694,24.0
3.566581964492798,35.0
7.102675437927246,11.0
3.6125714778900146,1.0
-1.147849678993225,19.0
6.325982093811035,12.0
3.62446665763855,1.0
2.4517548084259033,2.0
9.271961212158203,1.0
2.3984928131103516,1.0
4.760181903839111,1.0
2.4021666049957275,28.0
7.155484199523926,1.0
-1.3036383390426636,32.0
2.4021666049957275,17.0
6.344854354858398,1.0
-1.2973140478134155,3.0
6.344854354858398,3.0
1.3914521932601929,5.0
2.435238838195801,2.0
6.341088771820068,1.0
6.439568519592285,2.0
7.141537666320801,1.0
5.480556964874268,1.0
-1.3036383390426636,6.0
7.146902084350586,3.0
7.102675437927246,1.0
5.460634708404541,1.0
7.093985557556152,2.0
3.566581964492798,3.0
8.653436660766602,1.0
9.287625312805176,1.0
7.140462398529053,2.0
6.399872303009033,1.0
-1.3268407583236694,3.0
8.67416000366211,1.0
-1.3289504051208496,1.0
7.143683433532715,1.0
2.4278976917266846,5.0
2.4021666049957275,14.999999999999998
-1.3268407583236694,4.0
-1.2720168828964233,1.0
7.659078121185303,1.0
9.293702125549316,1.0
-1.3036383390426636,16.0
7.141537666320801,1.0
7.155484199523926,1.0
-1.3036383390426636,16.0
6.868163108825684,4.0
8.681559562683105,1.0
5.444957256317139,1.0
8.261760711669922,1.0
8.67416000366211,1.0
2.4021666049957275,9.0
7.102675437927246,3.0
7.102675437927246,1.0
7.145825386047363,2.0
2.4021666049957275,11.0
3.5460946559906006,4.0
2.391132354736328,1.0
-1.3268407583236694,6.0
-1.3268407583236694,13.0
3.566581964492798,1.0
7.143683433532715,1.0
6.344854354858398,2.0
2.407684326171875,1.0
8.678726196289062,1.0
-1.3036383390426636,6.0
5.443524360656738,4.0
8.670733451843262,3.0
7.146902084350586,5.0
6.324728965759277,1.0
2.3819291591644287,1.0
8.675312995910645,3.0
2.4058501720428467,1.0
5.460634708404541,2.0
-1.3057466745376587,5.0
8.67416000366211,1.0
5.444957256317139,2.0
-1.316293478012085,4.0
-1.3268407583236694,2.0
2.785794973373413,3.0
7.143683433532715,1.0
6.46054220199585,1.0
5.452087879180908,4.0
7.155484199523926,2.0
5.444957256317139,2.0
2.455421209335327,5.0
-1.3268407583236694,9.0
5.444957256317139,4.0
6.325982093811035,14.999999999999998
8.234183311462402,1.0
-1.3268407583236694,5.0
-1.3036383390426636,10.0
2.391132354736328,1.0
2.4021666049957275,10.0
3.5460946559906006,2.0
7.102675437927246,3.0
8.225163459777832,2.0
3.62446665763855,1.0
5.534378528594971,2.0
7.65439510345459,1.0
7.141537666320801,1.0
6.378678321838379,2.0
6.281870365142822,5.0
7.159764766693115,7.0
2.380086898803711,1.0
3.563173770904541,7.0
2.3819291591644287,1.0
2.4021666049957275,3.0
6.339834213256836,3.0
8.653436660766602,2.0
9.287625312805176,1.0
8.67416000366211,2.0
7.814123630523682,4.0
7.093985557556152,3.0
-1.1709742546081543,2.0
9.293702125549316,1.0
2.4975414276123047,1.0
8.67416000366211,1.0
6.366175174713135,1.0
5.497591495513916,2.0
5.460634708404541,19.0
7.141537666320801,1.0
7.096153259277344,2.0
5.460634708404541,1.0
6.331023693084717,1.0
-1.2488429546356201,3.0
9.288399696350098,2.0
5.444957256317139,9.0
-1.3036383390426636,17.0
-1.2467350959777832,4.0
-1.3268407583236694,2.0
7.145825386047363,7.0
2.4113640785217285,8.0
-1.2551625967025757,13.0
-1.2952040433883667,5.0
6.366175174713135,1.0
3.5682930946350098,1.0
