predicted,real
36.78116989135742,1.0
34.44856643676758,1.0
-21.370628356933594,5.0
37.40892791748047,1.0
-26.400402069091797,6.0
35.03546142578125,1.0
-0.11582186073064804,1.0
28.12672996520996,1.0
-18.129898071289062,6.0
-9.211312294006348,2.0
-13.842682838439941,13.0
-26.400402069091797,8.0
37.073726654052734,1.0
35.03546142578125,1.0
63.0353889465332,3.0
30.561859130859375,1.0
-10.997316360473633,4.0
43.54070281982422,5.0
-21.715368270874023,1.0
-21.715368270874023,1.0
-26.400402069091797,4.0
9.802290916442871,2.0
21.52602767944336,43.0
-17.757747650146484,2.0
-18.502168655395508,7.0
23.180282592773438,12.0
-3.2447760105133057,2.0
17.73104476928711,1.0
28.12672996520996,1.0
8.43786334991455,4.0
-15.64067554473877,2.0
9.112058639526367,1.0
-26.400402069091797,3.0
-13.842682838439941,76.0
-2.21130108833313,13.0
-26.400402069091797,6.0
31.164691925048828,2.0
-18.129898071289062,3.0
-9.211312294006348,2.0
-21.715368270874023,7.0
-18.129898071289062,2.0
35.03546142578125,1.0
-17.757747650146484,2.0
-17.042125701904297,1.0
-18.502168655395508,9.0
-21.715368270874023,2.0
-21.715368270874023,3.0
-9.211312294006348,2.0
25.363374710083008,4.0
-18.502168655395508,6.0
28.12672996520996,5.0
-17.042125701904297,4.0
-13.130261421203613,2.0
25.68724822998047,3.0
-16.35527229309082,3.0
-18.502168655395508,19.0
-13.472302436828613,1.0
-0.4490271806716919,1.0
-4.6451640129089355,11.0
-21.715368270874023,13.0
-1.143821120262146,1.0
-18.129898071289062,21.0
-19.21871566772461,3.0
-7.825597286224365,1.0
13.465168952941895,3.0
-10.306598663330078,3.0
-26.400402069091797,3.0
-18.502168655395508,6.0
43.27045822143555,1.0
64.37892150878906,1.0
-17.042125701904297,1.0
-8.522696495056152,12.0
-22.433435440063477,5.0
31.164691925048828,1.0
-13.842682838439941,14.0
28.12672996520996,4.0
-15.64067554473877,1.0
-21.715368270874023,2.0
-0.4490271806716919,4.0
-9.211312294006348,19.0
42.9705810546875,1.0
-8.531989097595215,4.0
-17.042125701904297,7.0
-18.502168655395508,7.0
-4.663674354553223,2.0
30.263545989990234,6.0
32.076263427734375,1.0
1.6002427339553833,3.0
20.611000061035156,5.0
-17.042125701904297,1.0
-13.842682838439941,5.0
-26.400402069091797,5.0
-26.400402069091797,5.0
-17.07041358947754,8.0
-4.635940074920654,4.0
28.12672996520996,1.0
9.1032075881958,3.0
-6.772461414337158,2.0
8.43786334991455,1.0
-9.211312294006348,2.0
9.112058639526367,1.0
35.92264938354492,1.0
-17.757747650146484,1.0
-26.400402069091797,2.0
-4.663674354553223,2.0
-22.806764602661133,10.0
-21.715368270874023,18.0
40.5035400390625,1.0
35.89963912963867,2.0
-9.94748592376709,99.0
-26.400402069091797,7.0
42.9705810546875,3.0
6.051851272583008,3.0
-17.042125701904297,1.0
-26.400402069091797,14.0
30.561859130859375,1.0
28.12672996520996,1.0
-25.681442260742188,1.0
-12.390408515930176,1.0
-26.400402069091797,5.0
-19.21871566772461,1.0
-15.64067554473877,1.0
-22.806764602661133,9.0
-13.472302436828613,1.0
-22.806764602661133,7.0
66.26448822021484,1.0
19.978315353393555,2.0
-17.042125701904297,1.0
-17.042125701904297,1.0
-13.130261421203613,23.0
-18.502168655395508,16.0
-16.32700538635254,1.0
9.112058639526367,1.0
28.12672996520996,1.0
12.448495864868164,4.0
-9.94748592376709,13.0
28.12672996520996,1.0
-9.211312294006348,2.0
21.52602767944336,8.0
55.15330505371094,1.0
-26.400402069091797,6.0
70.53820037841797,1.0
30.561859130859375,2.0
27.224279403686523,1.0
-18.502168655395508,12.0
-13.472302436828613,2.0
-17.757747650146484,2.0
30.561859130859375,1.0
-13.842682838439941,8.0
33.851409912109375,2.0
28.12672996520996,2.0
-18.129898071289062,12.0
-27.119413375854492,1.0
-18.129898071289062,1.0
-14.555764198303223,3.0
-13.842682838439941,77.0
29.34900665283203,1.0
35.03546142578125,1.0
-26.400402069091797,4.0
9.112058639526367,2.0
-13.842682838439941,12.0
35.03546142578125,1.0
17.73104476928711,1.0
3.6917266845703125,1.0
-7.816316604614258,5.0
33.26732635498047,3.0
-17.042125701904297,2.0
-26.400402069091797,4.0
-10.997316360473633,3.0
-21.715368270874023,4.0
-25.681442260742188,2.0
6.414450645446777,5.0
24.412900924682617,2.0
-13.842682838439941,17.0
-13.842682838439941,4.0
24.437692642211914,3.0
18.353708267211914,1.0
-9.211312294006348,2.0
-11.275464057922363,6.0
-19.562969207763672,5.0
-21.715368270874023,1.0
-18.502168655395508,14.0
37.08131790161133,1.0
-1.1713188886642456,10.0
50.93034744262695,2.0
-13.14905834197998,1.0
4.687375545501709,7.0
-1.1713188886642456,1.0
-13.842682838439941,10.0
7.753113269805908,3.0
29.34900665283203,1.0
-18.502168655395508,27.0
-13.842682838439941,14.0
-17.042125701904297,6.0
35.89963912963867,1.0
33.259525299072266,7.0
58.04768371582031,1.0
68.7542953491211,4.0
-10.287881851196289,3.0
4.687375545501709,1.0
4.687375545501709,5.0
-13.842682838439941,3.0
-13.842682838439941,19.0
-4.663674354553223,1.0
-4.663674354553223,3.0
32.076263427734375,2.0
-10.306598663330078,1.0
70.53820037841797,1.0
35.92264938354492,1.0
48.61366653442383,2.0
57.08979034423828,1.0
-15.64067554473877,16.0
27.86530303955078,9.0
27.512088775634766,3.0
4.002871036529541,1.0
28.12672996520996,1.0
-13.842682838439941,10.0
13.465168952941895,1.0
15.81501579284668,4.0
-17.042125701904297,1.0
-9.229992866516113,4.0
31.477087020874023,2.0
61.018028259277344,2.0
-0.810003936290741,2.0
32.076263427734375,1.0
27.349590301513672,1.0
3.353135824203491,1.0
23.529634475708008,1.0
25.68724822998047,3.0
35.03546142578125,2.0
-8.531989097595215,5.0
-4.635940074920654,2.0
-9.211312294006348,7.0
-26.400402069091797,5.0
31.164691925048828,3.0
-13.842682838439941,20.0
-26.400402069091797,1.0
-26.400402069091797,14.999999999999998
36.812618255615234,4.0
-9.597978591918945,4.0
-8.522696495056152,1.0
40.5035400390625,2.0
-26.400402069091797,3.0
65.28079986572266,1.0
15.81501579284668,2.0
-17.757747650146484,4.0
-25.681442260742188,10.0
5.033590793609619,1.0
-26.400402069091797,5.0
-6.7538676261901855,2.0
41.62837600708008,2.0
7.753113269805908,8.0
-26.400402069091797,3.0
4.687375545501709,2.0
-21.715368270874023,4.0
9.112058639526367,4.0
-18.502168655395508,2.0
9.112058639526367,4.0
-20.997575759887695,1.0
-26.400402069091797,3.0
-3.2447760105133057,2.0
32.076263427734375,1.0
-21.715368270874023,7.0
-13.842682838439941,22.0
23.154279708862305,1.0
-26.400402069091797,3.0
-21.715368270874023,1.0
6.051851272583008,1.0
-9.211312294006348,8.0
-13.14905834197998,4.0
-4.635940074920654,2.0
12.776183128356934,5.0
-10.656524658203125,2.0
-4.635940074920654,3.0
12.802424430847168,1.0
31.164691925048828,3.0
-22.806764602661133,3.0
-8.531989097595215,3.0
73.96643829345703,1.0
-9.211312294006348,5.0
4.687375545501709,2.0
-12.390408515930176,2.0
-4.663674354553223,2.0
-21.715368270874023,8.0
8.43786334991455,2.0
35.03546142578125,1.0
51.18812561035156,1.0
