predicted,real
5.5876946449279785,1.0
4.729168891906738,1.0
2.2664060592651367,1.0
3.9840171337127686,5.0
4.229086399078369,2.0
6.281063079833984,1.0
2.697427272796631,1.0
5.79644775390625,16.0
2.931457042694092,2.0
2.7718987464904785,2.0
2.3743247985839844,2.0
3.4397757053375244,4.0
2.4352166652679443,2.0
4.782267093658447,4.0
3.723830461502075,6.0
5.388180732727051,1.0
3.9840171337127686,2.0
5.291303634643555,1.0
5.376796245574951,6.0
5.629650115966797,9.0
5.111229419708252,3.0
4.448437690734863,2.0
5.376796245574951,6.0
2.7715752124786377,1.0
6.514191627502441,4.0
3.9840171337127686,3.0
6.2430315017700195,2.0
2.3606491088867188,3.0
4.335124969482422,1.0
6.1128458976745605,1.0
6.770636558532715,2.0
5.029818058013916,3.0
5.16480016708374,7.0
2.3121490478515625,1.0
6.281063079833984,1.0
6.910908222198486,7.0
3.9840171337127686,2.0
6.699156284332275,1.0
2.931457042694092,1.0
3.9840171337127686,2.0
5.16480016708374,9.0
5.333684921264648,1.0
2.3606491088867188,10.0
3.723830461502075,1.0
2.3606491088867188,4.0
3.9840171337127686,5.0
2.2664060592651367,1.0
5.16480016708374,12.0
5.16480016708374,2.0
5.16480016708374,2.0
2.3606491088867188,3.0
3.9840171337127686,1.0
3.9840171337127686,7.0
4.825179576873779,4.0
3.9840171337127686,2.0
2.634115695953369,2.0
5.713271617889404,26.0
5.16480016708374,4.0
5.629650115966797,3.0
3.335312843322754,1.0
7.174879550933838,4.0
4.0385823249816895,2.0
6.699817180633545,4.0
6.281063079833984,3.0
2.832831859588623,2.0
2.5605220794677734,1.0
5.16480016708374,8.0
5.036744117736816,4.0
6.436575889587402,3.0
2.2287795543670654,4.0
4.646079063415527,2.0
6.281063079833984,2.0
6.281063079833984,2.0
2.931457042694092,3.0
6.770636558532715,1.0
5.333684921264648,5.0
2.544536590576172,20.0
4.194636344909668,5.0
2.7706663608551025,3.0
2.931457042694092,1.0
2.2540037631988525,1.0
5.2072367668151855,19.0
2.4352166652679443,10.0
2.876915693283081,1.0
3.723830461502075,1.0
5.629650115966797,26.0
7.437809467315674,1.0
5.743251800537109,1.0
4.531219482421875,1.0
3.9840171337127686,1.0
2.7718987464904785,3.0
6.082385063171387,8.0
2.9034583568573,1.0
2.544536590576172,7.0
2.544536590576172,77.0
2.9044599533081055,1.0
2.3606491088867188,16.0
2.544536590576172,5.0
5.291303634643555,3.0
2.2664060592651367,3.0
6.699156284332275,3.0
2.2664060592651367,1.0
4.611155033111572,43.0
4.994350910186768,3.0
4.740192890167236,1.0
2.5054094791412354,2.0
6.770636558532715,8.0
2.6288766860961914,20.0
2.3121490478515625,1.0
2.931457042694092,1.0
2.2382731437683105,1.0
5.20646858215332,1.0
2.849357843399048,1.0
5.333684921264648,7.0
6.321715831756592,9.0
2.2289998531341553,1.0
3.1716582775115967,1.0
6.112117767333984,1.0
3.204183340072632,1.0
5.876877784729004,2.0
2.2664060592651367,3.0
6.699156284332275,2.0
5.375265598297119,3.0
2.2743332386016846,12.0
2.2664060592651367,3.0
3.4397757053375244,2.0
5.376796245574951,5.0
3.0783274173736572,1.0
2.9034583568573,2.0
6.474832057952881,1.0
5.79644775390625,5.0
6.163476943969727,2.0
2.4689810276031494,4.0
6.281063079833984,1.0
4.611155033111572,11.0
4.153792858123779,1.0
2.4352166652679443,3.0
2.3606491088867188,4.0
2.384809732437134,1.0
3.4397757053375244,8.0
3.9840171337127686,3.0
3.0486042499542236,3.0
3.723830461502075,3.0
2.7718987464904785,1.0
2.2540037631988525,1.0
2.931457042694092,2.0
4.740192890167236,1.0
5.5876946449279785,3.0
4.994350910186768,1.0
3.9840171337127686,1.0
5.16480016708374,3.0
2.4352166652679443,1.0
5.16480016708374,6.0
7.110400676727295,7.0
2.988858461380005,1.0
2.3606491088867188,5.0
5.16480016708374,4.0
5.16480016708374,5.0
2.931457042694092,1.0
2.3606491088867188,3.0
2.832831859588623,2.0
4.563385486602783,1.0
2.544536590576172,10.0
5.79644775390625,2.0
6.042652130126953,3.0
3.9840171337127686,8.0
2.475755214691162,1.0
3.5366313457489014,2.0
3.9840171337127686,3.0
6.770636558532715,1.0
3.92278790473938,59.0
5.122361660003662,1.0
2.2289998531341553,2.0
5.629650115966797,7.0
5.7125163078308105,1.0
2.931457042694092,1.0
2.7718987464904785,1.0
5.878370761871338,2.0
3.723830461502075,4.0
2.544536590576172,3.0
5.333684921264648,2.0
2.2381837368011475,3.0
5.376796245574951,13.0
4.655381202697754,3.0
5.376796245574951,44.0
2.544536590576172,40.0
2.634115695953369,1.0
6.083115100860596,2.0
4.0385823249816895,1.0
5.629650115966797,50.0
4.194636344909668,1.0
3.9840171337127686,2.0
2.7699263095855713,3.0
3.9840171337127686,6.0
2.3606491088867188,5.0
2.6288766860961914,3.0
10.399489402770996,1.0
5.713271617889404,8.0
2.3606491088867188,1.0
4.866631984710693,3.0
5.16480016708374,5.0
4.770461082458496,1.0
4.782267093658447,2.0
2.3606491088867188,2.0
2.5190954208374023,1.0
2.3606491088867188,11.0
2.3827168941497803,1.0
5.2451982498168945,1.0
3.984981060028076,1.0
6.202639102935791,2.0
2.2664060592651367,4.0
2.5190954208374023,1.0
2.2674076557159424,5.0
4.740192890167236,1.0
6.474832057952881,2.0
4.0385823249816895,1.0
5.290536403656006,4.0
2.7699263095855713,1.0
5.4605817794799805,2.0
2.4352166652679443,21.0
2.3606491088867188,6.0
2.282787322998047,3.0
2.931457042694092,1.0
3.9840171337127686,1.0
6.123392581939697,13.0
3.2692816257476807,2.0
2.3606491088867188,1.0
14.026473999023438,1.0
2.988858461380005,1.0
4.782267093658447,2.0
5.16480016708374,5.0
2.266547203063965,8.0
3.0783274173736572,1.0
2.3606491088867188,2.0
6.360007286071777,4.0
2.931457042694092,1.0
6.203359603881836,3.0
6.042652130126953,8.0
6.281063079833984,2.0
2.321387767791748,4.0
6.474832057952881,4.0
4.11387300491333,1.0
6.080481052398682,1.0
5.16480016708374,14.0
5.16480016708374,6.0
2.320272445678711,1.0
2.3606491088867188,4.0
2.988858461380005,1.0
5.16480016708374,4.0
3.8734357357025146,2.0
2.6090428829193115,2.0
2.2664060592651367,2.0
5.79644775390625,3.0
5.16480016708374,4.0
5.744004726409912,5.0
2.282787322998047,5.0
3.4397757053375244,1.0
5.879115104675293,22.0
2.544536590576172,10.0
2.544536590576172,12.0
3.4397757053375244,10.0
5.659783363342285,4.0
6.281063079833984,1.0
6.123392581939697,29.999999999999996
6.359302520751953,1.0
5.868304252624512,1.0
4.040193557739258,1.0
2.2664060592651367,1.0
4.740192890167236,2.0
2.7699263095855713,1.0
4.151361465454102,1.0
7.045440196990967,2.0
2.558680534362793,1.0
5.16480016708374,3.0
2.3606491088867188,7.0
2.544536590576172,13.0
3.9840171337127686,1.0
2.4352166652679443,1.0
3.9840171337127686,1.0
3.682386875152588,4.0
2.544536590576172,29.999999999999996
2.3476171493530273,2.0
5.876877784729004,1.0
2.2338154315948486,4.0
6.281063079833984,2.0
2.4352166652679443,2.0
6.770636558532715,1.0
