predicted,real
7.1310200691223145,3.0
5.511789321899414,2.0
10.701589584350586,19.0
5.619357109069824,1.0
4.165980815887451,3.0
7.909295558929443,1.0
2.2458291053771973,1.0
4.635943412780762,5.0
1.942563772201538,1.0
4.616935729980469,4.0
4.545608997344971,1.0
5.62359094619751,4.0
1.942563772201538,2.0
1.942563772201538,3.0
7.655457973480225,1.0
2.8515422344207764,2.0
9.892679214477539,12.0
4.664480686187744,3.0
2.2373268604278564,1.0
9.852058410644531,6.0
4.165980815887451,2.0
8.295971870422363,5.0
8.69347095489502,3.0
4.738007545471191,1.0
2.771193504333496,1.0
5.619357109069824,4.0
4.750259876251221,2.0
6.859287261962891,3.0
7.767081260681152,82.0
5.619357109069824,7.0
1.4674413204193115,1.0
9.841900825500488,2.0
6.819123268127441,2.0
10.014460563659668,22.0
7.767081260681152,13.0
7.645317077636719,5.0
5.619357109069824,7.0
6.728850841522217,2.0
5.50202751159668,1.0
2.2458291053771973,1.0
7.655457973480225,2.0
4.165980815887451,1.0
5.619357109069824,6.0
2.3567426204681396,1.0
2.6676599979400635,1.0
5.511789321899414,1.0
7.899132251739502,6.0
10.095574378967285,3.0
7.706182479858398,2.0
2.4253554344177246,2.0
5.560644149780273,4.0
9.892679214477539,7.0
1.9342164993286133,3.0
7.767081260681152,10.0
9.841900825500488,1.0
1.5403498411178589,3.0
0.5249859690666199,1.0
4.287752628326416,1.0
4.32533597946167,7.0
9.95358657836914,13.0
1.8759474754333496,2.0
6.728850841522217,4.0
5.619357109069824,5.0
8.295971870422363,1.0
7.767081260681152,16.0
2.7099642753601074,1.0
4.165980815887451,1.0
9.841900825500488,9.0
9.852058410644531,19.0
7.767081260681152,2.0
5.619357109069824,14.999999999999998
3.7866902351379395,1.0
10.105708122253418,1.0
10.075301170349121,29.999999999999996
5.619357109069824,8.0
9.95358657836914,14.0
0.25062447786331177,1.0
9.841900825500488,3.0
5.560644149780273,1.0
7.756931304931641,4.0
6.8793792724609375,1.0
7.080619812011719,1.0
5.047573566436768,1.0
3.850248098373413,3.0
7.626560688018799,5.0
7.767081260681152,20.0
2.2458291053771973,1.0
7.767081260681152,7.0
0.5776511430740356,1.0
6.768957138061523,2.0
3.9612269401550293,3.0
1.942563772201538,3.0
3.4836792945861816,1.0
13.659306526184082,11.0
2.279879093170166,8.0
7.423964977264404,1.0
2.2373268604278564,1.0
6.849245071411133,2.0
6.768957138061523,1.0
4.287752628326416,1.0
4.165980815887451,1.0
9.892679214477539,4.0
7.767081260681152,40.0
4.738007545471191,2.0
5.511789321899414,2.0
7.807699680328369,4.0
4.165980815887451,5.0
9.892679214477539,14.0
7.797544479370117,3.0
0.5400179028511047,1.0
5.619357109069824,2.0
7.767081260681152,28.0
5.511789321899414,6.0
7.767081260681152,22.0
4.165980815887451,2.0
9.841900825500488,8.0
3.4836792945861816,1.0
7.655457973480225,1.0
5.511789321899414,16.0
5.619357109069824,7.0
6.849245071411133,4.0
9.994172096252441,1.0
7.767081260681152,7.0
3.822585105895996,1.0
10.42944049835205,12.0
2.2458291053771973,1.0
10.206997871398926,2.0
9.841900825500488,7.0
5.521554946899414,1.0
7.807699680328369,3.0
5.511789321899414,2.0
5.511789321899414,5.0
1.4674413204193115,1.0
7.767081260681152,12.0
5.560644149780273,2.0
4.259604454040527,1.0
2.753676176071167,1.0
3.587711811065674,1.0
6.738875389099121,1.0
7.655457973480225,14.0
2.0430166721343994,2.0
7.655457973480225,4.0
5.50202751159668,3.0
0.5249859690666199,1.0
7.655457973480225,2.0
0.5249859690666199,1.0
12.404430389404297,9.0
9.892679214477539,5.0
1.942563772201538,3.0
2.781275510787964,1.0
4.626439571380615,12.0
4.212748050689697,3.0
1.4674413204193115,1.0
4.738007545471191,2.0
9.892679214477539,6.0
6.849245071411133,2.0
0.5851963758468628,2.0
3.822585105895996,1.0
7.655457973480225,6.0
9.841900825500488,8.0
2.8427493572235107,1.0
4.738007545471191,4.0
0.5400179028511047,1.0
5.511789321899414,3.0
3.822585105895996,1.0
2.27135968208313,1.0
1.942563772201538,2.0
9.841900825500488,29.999999999999996
8.55073356628418,10.0
7.060469150543213,2.0
9.95358657836914,7.0
1.942563772201538,4.0
6.849245071411133,2.0
1.4674413204193115,1.0
7.807699680328369,20.0
7.0000529289245605,1.0
9.841900825500488,5.0
3.942692518234253,1.0
9.841900825500488,2.0
9.841900825500488,4.0
9.892679214477539,1.0
5.560644149780273,6.0
4.287752628326416,1.0
2.2458291053771973,1.0
5.511789321899414,9.0
8.357094764709473,4.0
3.831801414489746,2.0
9.872370719909668,3.0
4.731178283691406,1.0
8.15341567993164,1.0
7.767081260681152,4.0
14.421354293823242,59.0
2.6750640869140625,1.0
1.0543638467788696,1.0
6.768957138061523,1.0
4.18467378616333,1.0
7.655457973480225,5.0
5.560644149780273,1.0
3.831801414489746,5.0
6.849245071411133,3.0
6.131716251373291,3.0
7.655457973480225,7.0
7.919460296630859,1.0
6.778985023498535,1.0
5.511789321899414,1.0
1.942563772201538,1.0
2.2458291053771973,1.0
9.852058410644531,3.0
5.619357109069824,2.0
7.767081260681152,6.0
5.511789321899414,1.0
6.778985023498535,1.0
4.287752628326416,2.0
7.655457973480225,4.0
8.673078536987305,5.0
7.655457973480225,5.0
7.909295558929443,3.0
7.767081260681152,33.0
6.768957138061523,1.0
5.028306007385254,1.0
9.973881721496582,4.0
9.994172096252441,9.0
4.165980815887451,5.0
9.841900825500488,17.0
8.181066513061523,5.0
5.066847801208496,2.0
2.2628438472747803,3.0
5.028306007385254,2.0
7.919460296630859,2.0
7.655457973480225,1.0
9.95358657836914,4.0
3.831801414489746,1.0
3.831801414489746,1.0
9.841900825500488,14.0
5.028306007385254,1.0
7.655457973480225,7.0
10.095574378967285,4.0
5.619357109069824,1.0
5.619357109069824,21.0
7.706182479858398,1.0
6.495453834533691,1.0
5.619357109069824,19.0
5.511789321899414,4.0
4.626439571380615,14.999999999999998
4.165980815887451,9.0
9.841900825500488,3.0
9.984027862548828,3.0
3.822585105895996,1.0
6.350248336791992,1.0
3.822585105895996,1.0
2.7099642753601074,1.0
4.165980815887451,2.0
7.767081260681152,12.0
4.731178283691406,2.0
10.45972728729248,14.999999999999998
7.706182479858398,1.0
3.286219358444214,1.0
4.165980815887451,2.0
9.841900825500488,3.0
4.664480686187744,1.0
2.9472620487213135,1.0
5.50202751159668,1.0
7.110854625701904,7.0
2.0430166721343994,1.0
9.95358657836914,6.0
0.31785348057746887,1.0
4.165980815887451,1.0
5.619357109069824,1.0
6.8793792724609375,3.0
4.165980815887451,1.0
3.831801414489746,1.0
7.767081260681152,9.0
5.737036228179932,2.0
9.95358657836914,71.0
8.668649673461914,3.0
4.769355297088623,1.0
7.706182479858398,12.0
3.583770751953125,1.0
4.616935729980469,8.0
7.15118932723999,2.0
3.831801414489746,7.0
2.8251631259918213,1.0
3.831801414489746,5.0
0.2579494118690491,2.0
7.767081260681152,13.0
5.50202751159668,1.0
4.165980815887451,1.0
