predicted,real
3.8190486431121826,1.0
5.716006278991699,1.0
5.419317245483398,1.0
7.035815715789795,9.0
3.405461072921753,2.0
7.035815715789795,1.0
2.868687629699707,5.0
2.868687629699707,2.0
2.9473509788513184,1.0
7.035815715789795,11.0
7.272513389587402,31.000000000000004
6.249216556549072,7.0
2.908231019973755,1.0
2.9473509788513184,1.0
5.411454677581787,1.0
7.272513389587402,14.0
6.715015888214111,3.0
6.880302906036377,2.0
2.6390907764434814,1.0
2.375077247619629,2.0
7.035815715789795,2.0
7.035815715789795,3.0
3.7732911109924316,1.0
0.3722388744354248,1.0
7.035815715789795,17.0
5.41734504699707,3.0
3.8190486431121826,1.0
5.411454677581787,32.0
5.990506649017334,5.0
7.397012233734131,22.0
0.3722388744354248,2.0
5.235939979553223,1.0
2.4374940395355225,7.0
5.411454677581787,2.0
5.411454677581787,44.0
4.16998815536499,2.0
5.411454677581787,2.0
3.490184783935547,3.0
5.200016498565674,5.0
7.781793117523193,5.0
7.013624668121338,10.0
0.31092652678489685,4.0
3.6782965660095215,5.0
6.521545886993408,36.0
0.3722388744354248,1.0
5.6131978034973145,2.0
6.517300128936768,4.0
2.375077247619629,1.0
5.235939979553223,2.0
3.346193552017212,1.0
3.251636505126953,1.0
6.356835842132568,2.0
6.018502712249756,11.0
3.7732911109924316,1.0
7.146219730377197,4.0
3.8190486431121826,2.0
6.224575519561768,2.0
2.6390907764434814,2.0
7.144983291625977,10.0
5.235939979553223,16.0
7.579872131347656,2.0
7.458379745483398,7.0
2.6390907764434814,1.0
5.451586723327637,1.0
6.715015888214111,1.0
0.3722388744354248,3.0
5.277665138244629,4.0
2.9473509788513184,19.0
2.4374940395355225,1.0
3.540323495864868,2.0
7.035815715789795,2.0
2.375077247619629,12.0
2.0043630599975586,1.0
2.543269157409668,3.0
3.7706806659698486,2.0
6.077172756195068,1.0
2.4374940395355225,1.0
7.295839786529541,6.0
4.42754602432251,1.0
5.235939979553223,10.0
5.235939979553223,1.0
5.6131978034973145,40.0
2.3842196464538574,2.0
2.4374940395355225,1.0
6.018502712249756,3.0
5.277665138244629,2.0
5.6131978034973145,33.0
5.990506649017334,5.0
2.375077247619629,1.0
5.271585941314697,1.0
2.9473509788513184,7.0
2.7661685943603516,1.0
5.411454677581787,10.0
7.035815715789795,12.0
5.411454677581787,6.0
7.272513389587402,10.0
5.519287586212158,1.0
7.272513389587402,12.0
5.618814945220947,1.0
5.235939979553223,2.0
7.272513389587402,7.0
5.235939979553223,1.0
5.6131978034973145,3.0
4.799692630767822,1.0
3.4451887607574463,3.0
6.078831672668457,3.0
7.057884216308594,2.0
3.537630081176758,1.0
5.277665138244629,1.0
2.868687629699707,4.0
5.451586723327637,2.0
6.383604049682617,1.0
5.6131978034973145,20.0
2.3842196464538574,1.0
7.272513389587402,2.0
2.4374940395355225,1.0
3.7732911109924316,1.0
7.820817947387695,11.0
5.6131978034973145,4.0
5.208252906799316,1.0
7.035815715789795,3.0
2.4374940395355225,1.0
0.3074314594268799,1.0
5.235939979553223,3.0
7.035815715789795,5.0
5.680176734924316,2.0
5.235939979553223,4.0
2.70297908782959,1.0
5.580234527587891,3.0
6.880302906036377,1.0
5.774118900299072,1.0
7.539523124694824,2.0
7.035815715789795,14.0
3.8190486431121826,4.0
2.4374940395355225,1.0
7.035815715789795,3.0
5.200016498565674,2.0
2.9473509788513184,2.0
1.229331612586975,3.0
5.6131978034973145,12.0
2.0296034812927246,5.0
-0.12348197400569916,1.0
2.4374940395355225,1.0
3.8190486431121826,5.0
7.5597124099731445,4.0
6.136538028717041,1.0
-0.5063289403915405,1.0
5.6131978034973145,3.0
5.744255542755127,3.0
5.411454677581787,12.0
-0.8158573508262634,3.0
3.8190486431121826,4.0
5.141759395599365,1.0
7.035815715789795,1.0
7.272513389587402,2.0
5.742446422576904,20.0
5.451586723327637,3.0
5.990506649017334,1.0
3.7732911109924316,2.0
5.842010498046875,7.0
3.7732911109924316,1.0
5.342062950134277,5.0
5.6131978034973145,77.0
7.045799732208252,1.0
2.375077247619629,3.0
-0.4426935911178589,1.0
5.277665138244629,2.0
7.144983291625977,7.0
0.3722388744354248,2.0
5.235939979553223,3.0
7.4798970222473145,3.0
-0.22033512592315674,13.0
7.035815715789795,6.0
5.235939979553223,2.0
7.035815715789795,4.0
2.428393602371216,1.0
1.7325557470321655,14.999999999999998
5.235939979553223,5.0
7.060398578643799,7.0
5.235939979553223,7.0
2.9473509788513184,1.0
5.277665138244629,2.0
7.4798970222473145,2.0
7.355799198150635,1.0
7.251490116119385,1.0
5.680176734924316,2.0
5.277665138244629,1.0
6.047956466674805,2.0
5.235939979553223,11.0
5.615065097808838,1.0
2.375077247619629,3.0
5.716006278991699,1.0
2.6390907764434814,1.0
7.168933868408203,2.0
-0.22033512592315674,5.0
-0.6981988549232483,1.0
6.420576095581055,5.0
2.4374940395355225,2.0
2.3215126991271973,1.0
2.854400157928467,1.0
6.689359188079834,1.0
-0.1270536631345749,1.0
6.880302906036377,1.0
5.200016498565674,2.0
-0.002006998285651207,1.0
3.8190486431121826,5.0
4.90701961517334,1.0
4.8299384117126465,2.0
3.371100664138794,14.999999999999998
2.3215126991271973,3.0
7.035815715789795,6.0
5.451586723327637,2.0
8.472404479980469,3.0
5.990506649017334,3.0
2.908231019973755,1.0
5.277665138244629,3.0
7.035815715789795,2.0
-2.5000314712524414,1.0
3.150373935699463,1.0
1.0925216674804688,2.0
5.235939979553223,1.0
5.277665138244629,1.0
7.355799198150635,1.0
2.4374940395355225,2.0
5.5527167320251465,1.0
3.7732911109924316,3.0
2.4374940395355225,1.0
7.035815715789795,5.0
6.41016149520874,1.0
5.235939979553223,5.0
5.200016498565674,1.0
7.035815715789795,4.0
2.648019313812256,1.0
5.6131978034973145,7.0
7.035815715789795,3.0
7.251490116119385,5.0
5.235939979553223,5.0
5.451586723327637,1.0
7.144983291625977,28.0
2.700007915496826,1.0
5.235939979553223,1.0
5.678338527679443,1.0
6.078831672668457,3.0
5.990506649017334,3.0
3.1064295768737793,1.0
4.836582660675049,1.0
7.314309597015381,8.0
5.6131978034973145,14.0
7.035815715789795,4.0
2.5492825508117676,1.0
5.200016498565674,5.0
2.8995282649993896,1.0
5.964018821716309,2.0
5.235939979553223,1.0
-0.15746478736400604,2.0
3.7732911109924316,1.0
3.7732911109924316,1.0
2.868687629699707,1.0
2.3215126991271973,1.0
5.990506649017334,5.0
-0.49904319643974304,1.0
7.035815715789795,12.0
5.6131978034973145,7.0
5.5527167320251465,1.0
5.615065097808838,2.0
-7.49493408203125,1.0
6.41016149520874,8.0
2.375077247619629,1.0
7.168933868408203,1.0
6.023561000823975,2.0
2.6390907764434814,3.0
5.235939979553223,3.0
2.648019313812256,8.0
6.66630220413208,4.0
7.013624668121338,1.0
2.6390907764434814,5.0
5.235939979553223,2.0
3.8190486431121826,2.0
7.035815715789795,4.0
5.775912284851074,1.0
5.990506649017334,35.0
2.595770835876465,1.0
7.272513389587402,46.0
3.251636505126953,1.0
7.035815715789795,12.0
-0.4426935911178589,1.0
5.271585941314697,9.0
