predicted,real
3.9681105613708496,1.0
3.8868515491485596,1.0
7.9562578201293945,32.0
7.896414756774902,4.0
2.480764150619507,1.0
2.794283390045166,1.0
7.9562578201293945,10.0
3.8414037227630615,4.0
2.794283390045166,1.0
5.585162162780762,1.0
7.9562578201293945,6.0
8.12138843536377,1.0
6.2361674308776855,2.0
8.105862617492676,2.0
8.315577507019043,6.0
8.090336799621582,12.0
2.9740469455718994,1.0
7.776726245880127,2.0
6.984312534332275,1.0
8.090336799621582,1.0
5.13627290725708,3.0
6.0639848709106445,1.0
8.12138843536377,8.0
8.1513090133667,1.0
3.43805193901062,3.0
8.105862617492676,2.0
7.732409477233887,8.0
8.105862617492676,11.0
3.9912853240966797,1.0
3.8414037227630615,3.0
5.053518295288086,3.0
5.719265460968018,4.0
6.093911170959473,4.0
8.105862617492676,5.0
7.761200428009033,7.0
8.12138843536377,5.0
3.4978902339935303,1.0
3.9991626739501953,7.0
0.9102553725242615,1.0
5.645015239715576,1.0
5.2859015464782715,1.0
8.105862617492676,5.0
5.91322135925293,1.0
7.940731048583984,2.0
7.686959743499756,1.0
3.8868515491485596,1.0
5.719265460968018,1.0
2.7798912525177,2.0
8.01609992980957,5.0
6.048455238342285,3.0
5.120744705200195,1.0
2.3755104541778564,1.0
7.9562578201293945,3.0
7.776726245880127,3.0
7.776726245880127,50.0
7.940731048583984,1.0
2.7798912525177,1.0
4.065249919891357,2.0
5.734793663024902,2.0
6.086535930633545,5.0
8.090336799621582,3.0
2.7488465309143066,1.0
8.105862617492676,11.0
2.7798912525177,1.0
2.7798912525177,1.0
2.704542875289917,1.0
5.944279193878174,4.0
7.940731048583984,1.0
2.7798912525177,2.0
4.993666648864746,1.0
7.9562578201293945,2.0
8.12138843536377,1.0
0.8135581612586975,1.0
2.5250661373138428,1.0
7.9562578201293945,2.0
3.8868515491485596,1.0
5.958676815032959,1.0
8.105862617492676,1.0
8.090336799621582,2.0
2.197427272796631,5.0
8.12138843536377,4.0
3.6245877742767334,2.0
7.776726245880127,10.0
6.92446231842041,16.0
8.16597843170166,3.0
7.761200428009033,21.0
2.6890203952789307,2.0
5.958676815032959,1.0
2.7798912525177,4.0
8.074810028076172,1.0
7.776726245880127,14.0
3.8414037227630615,3.0
2.8098056316375732,2.0
7.133937358856201,4.0
2.7798912525177,1.0
5.645015239715576,3.0
5.7336626052856445,1.0
7.971783638000488,26.0
4.980144023895264,2.0
5.974205493927002,2.0
7.776726245880127,3.0
2.9286093711853027,2.0
7.761200428009033,2.0
3.797088384628296,3.0
5.1961236000061035,8.0
8.074810028076172,1.0
7.327879428863525,1.0
8.105862617492676,2.0
5.966829776763916,1.0
3.8569302558898926,5.0
8.090336799621582,1.0
6.205109596252441,3.0
7.776726245880127,2.0
7.672564506530762,1.0
5.105216026306152,1.0
2.6890203952789307,1.0
7.761200428009033,10.0
5.958676815032959,6.0
7.776726245880127,20.0
7.776726245880127,12.0
8.12138843536377,4.0
8.105862617492676,5.0
7.9562578201293945,6.0
8.090336799621582,1.0
8.105862617492676,2.0
2.7798912525177,1.0
8.074810028076172,1.0
8.12138843536377,3.0
8.105862617492676,7.0
5.727938652038574,1.0
2.7798912525177,2.0
2.764368772506714,2.0
2.50217342376709,1.0
7.761200428009033,1.0
7.792253017425537,27.0
7.776726245880127,4.0
7.776726245880127,12.0
5.734793663024902,2.0
0.6257070302963257,1.0
7.792253017425537,7.0
-1.756771445274353,5.0
7.9562578201293945,26.0
2.6602373123168945,1.0
7.373331069946289,3.0
7.746804237365723,2.0
8.105862617492676,3.0
4.92679500579834,3.0
7.822175979614258,11.0
6.0783820152282715,12.0
2.764368772506714,2.0
7.850965976715088,2.0
0.9178987145423889,1.0
5.974205493927002,1.0
3.8868515491485596,2.0
5.704867839813232,3.0
2.345599412918091,1.0
7.343407154083252,3.0
6.220638751983643,1.0
-0.9051863551139832,2.0
4.30631160736084,3.0
0.798046886920929,2.0
4.29078483581543,4.0
5.345753192901611,2.0
5.958676815032959,3.0
7.776726245880127,6.0
3.8414037227630615,4.0
7.433178901672363,99.0
2.5250661373138428,1.0
8.09146785736084,19.0
7.792253017425537,9.0
8.12138843536377,2.0
2.09193754196167,2.0
7.776726245880127,3.0
2.9286093711853027,1.0
2.39103102684021,1.0
7.792253017425537,24.0
7.9562578201293945,1.0
2.6148030757904053,1.0
2.7798912525177,1.0
7.133937358856201,2.0
7.971783638000488,3.0
7.761200428009033,5.0
5.1961236000061035,1.0
3.8414037227630615,4.0
2.539457082748413,1.0
8.12138843536377,3.0
8.12138843536377,6.0
5.629486083984375,4.0
4.837019920349121,1.0
8.120257377624512,1.0
3.8569302558898926,3.0
3.6401121616363525,3.0
2.6602373123168945,5.0
4.717320919036865,1.0
3.887096405029297,1.0
8.090336799621582,1.0
5.120744705200195,1.0
7.971783638000488,1.0
3.3553173542022705,2.0
4.080776214599609,2.0
2.3755104541778564,1.0
8.12138843536377,1.0
2.39103102684021,1.0
5.749191761016846,3.0
3.8868515491485596,1.0
7.792253017425537,6.0
7.372199058532715,2.0
4.30631160736084,4.0
2.7798912525177,1.0
6.093911170959473,4.0
2.6447153091430664,8.0
8.105862617492676,7.0
7.761200428009033,10.0
8.105862617492676,6.0
3.8569302558898926,2.0
6.3937249183654785,2.0
2.7798912525177,4.0
8.12138843536377,5.0
9.124429702758789,3.0
3.8569302558898926,4.0
2.764368772506714,1.0
7.3578033447265625,2.0
3.8868515491485596,2.0
7.792253017425537,7.0
8.135783195495605,2.0
8.12138843536377,1.0
7.792253017425537,10.0
7.971783638000488,14.0
2.6303250789642334,1.0
6.189580917358398,1.0
2.764368772506714,1.0
2.704542875289917,1.0
5.555236339569092,2.0
7.792253017425537,24.0
0.8135581612586975,1.0
7.761200428009033,2.0
2.39103102684021,2.0
7.493025302886963,3.0
5.958676815032959,1.0
2.6303250789642334,3.0
6.0783820152282715,14.999999999999998
3.8713252544403076,2.0
8.090336799621582,4.0
0.0522114522755146,3.0
8.090336799621582,2.0
8.09146785736084,10.0
2.7798912525177,2.0
5.974205493927002,1.0
7.792253017425537,2.0
8.12138843536377,6.0
4.006812572479248,2.0
1.3144350051879883,1.0
5.120744705200195,1.0
2.7798912525177,1.0
7.672564506530762,5.0
8.105862617492676,6.0
8.120257377624512,2.0
0.5445327162742615,3.0
7.792253017425537,31.000000000000004
0.798046886920929,1.0
2.39103102684021,1.0
5.734793663024902,2.0
3.699953556060791,1.0
5.974205493927002,1.0
7.657036781311035,3.0
4.837295055389404,5.0
5.824573516845703,2.0
7.342275619506836,1.0
6.205109596252441,2.0
8.12138843536377,5.0
4.0290846824646,1.0
8.12138843536377,6.0
8.12138843536377,1.0
2.764368772506714,1.0
2.6602373123168945,1.0
2.8098056316375732,1.0
8.105862617492676,3.0
7.776726245880127,13.0
7.776726245880127,4.0
6.385798454284668,8.0
8.090336799621582,1.0
7.327879428863525,1.0
8.105862617492676,5.0
3.8868515491485596,2.0
3.8868515491485596,3.0
3.8713252544403076,4.0
2.09193754196167,7.0
