predicted,real
4.437793254852295,2.0
7.739189624786377,5.0
8.208184242248535,6.0
10.42033863067627,11.0
7.236341953277588,7.0
8.888265609741211,4.0
2.6672110557556152,4.0
2.6672110557556152,1.0
5.580324649810791,1.0
7.236341953277588,12.0
1.4808435440063477,5.0
2.333754301071167,1.0
3.2010464668273926,3.0
8.888265609741211,1.0
7.342010498046875,13.0
2.0085692405700684,1.0
6.623930931091309,2.0
3.1769959926605225,1.0
8.888265609741211,8.0
6.577692985534668,5.0
6.3460164070129395,4.0
1.3748798370361328,1.0
8.888265609741211,4.0
4.437793254852295,2.0
7.236341953277588,3.0
6.623930931091309,1.0
6.545607566833496,1.0
8.661808013916016,7.0
2.3182129859924316,1.0
6.577692985534668,1.0
5.894338130950928,5.0
8.888265609741211,12.0
2.1615254878997803,1.0
4.7021260261535645,3.0
8.888265609741211,7.0
7.510956287384033,1.0
2.0085692405700684,2.0
6.623930931091309,1.0
8.888265609741211,1.0
7.739189624786377,1.0
6.066853046417236,4.0
6.629045009613037,4.0
8.021931648254395,3.0
5.1167216300964355,1.0
-0.9652609825134277,2.0
8.389771461486816,5.0
4.37502384185791,1.0
1.1145107746124268,1.0
2.4656994342803955,7.0
1.2709367275238037,1.0
8.208184242248535,9.0
7.739189624786377,2.0
2.415161609649658,4.0
6.1484479904174805,1.0
7.739189624786377,3.0
2.415161609649658,4.0
5.495153427124023,3.0
2.0085692405700684,1.0
1.977238655090332,1.0
8.888265609741211,5.0
4.974059104919434,5.0
7.739189624786377,7.0
2.6672110557556152,2.0
7.739189624786377,6.0
6.859745979309082,1.0
5.395585536956787,2.0
7.570644378662109,3.0
8.888265609741211,5.0
5.768198490142822,5.0
8.888265609741211,2.0
5.683322906494141,1.0
6.304720401763916,4.0
-0.20197740197181702,2.0
8.661808013916016,17.0
6.095431327819824,14.999999999999998
7.510956287384033,3.0
2.6672110557556152,3.0
4.3466997146606445,4.0
6.577692985534668,1.0
5.100249290466309,1.0
6.066853046417236,5.0
2.6672110557556152,1.0
7.236341953277588,94.0
4.7021260261535645,2.0
1.3748798370361328,2.0
7.9828948974609375,2.0
4.485950946807861,1.0
7.739189624786377,7.0
6.577692985534668,1.0
7.935373306274414,8.0
7.739189624786377,3.0
7.693583965301514,1.0
2.4656994342803955,3.0
10.279794692993164,9.0
6.577692985534668,2.0
4.205724239349365,1.0
2.9121625423431396,1.0
0.5834634304046631,1.0
1.4267499446868896,2.0
-1.6858478784561157,1.0
6.165204048156738,1.0
8.888265609741211,3.0
2.6672110557556152,2.0
6.675247669219971,1.0
6.577692985534668,16.0
6.304720401763916,3.0
6.577692985534668,1.0
3.8992059230804443,1.0
8.888265609741211,3.0
5.368056774139404,2.0
8.888265609741211,6.0
8.299002647399902,4.0
1.787964105606079,1.0
7.739189624786377,5.0
4.437793254852295,11.0
6.4439167976379395,2.0
6.859745979309082,1.0
6.066853046417236,2.0
7.236341953277588,12.0
8.888265609741211,14.0
4.341330051422119,1.0
7.236341953277588,7.0
1.1667250394821167,1.0
2.6672110557556152,2.0
8.888265609741211,2.0
2.7174322605133057,3.0
7.739189624786377,14.0
8.888265609741211,2.0
7.739189624786377,2.0
6.577692985534668,12.0
5.603736877441406,1.0
0.4722297787666321,1.0
-1.9882217645645142,2.0
1.3748798370361328,1.0
4.485950946807861,4.0
6.066853046417236,2.0
0.6943597793579102,2.0
7.739189624786377,3.0
4.1572651863098145,1.0
7.739189624786377,1.0
4.437793254852295,1.0
7.739189624786377,2.0
8.389771461486816,13.0
8.389771461486816,31.000000000000004
5.683322906494141,12.0
3.8992059230804443,1.0
7.61630392074585,9.0
4.974680423736572,1.0
6.623930931091309,1.0
6.160051345825195,1.0
2.4656994342803955,2.0
8.842988967895508,3.0
6.3460164070129395,4.0
8.661808013916016,44.0
6.066853046417236,1.0
2.6672110557556152,1.0
8.752412796020508,3.0
5.158934593200684,1.0
7.236341953277588,22.0
1.2709367275238037,1.0
8.389771461486816,6.0
4.485950946807861,1.0
-0.17583413422107697,1.0
6.577692985534668,2.0
8.571168899536133,5.0
0.6943597793579102,1.0
5.6507463455200195,4.0
1.9260811805725098,1.0
5.495153427124023,1.0
8.208184242248535,2.0
6.206596374511719,2.0
6.577692985534668,1.0
2.59187912940979,5.0
8.389771461486816,6.0
2.6672110557556152,1.0
5.306293964385986,1.0
2.415161609649658,1.0
7.510956287384033,3.0
6.623930931091309,2.0
10.279794692993164,3.0
1.6335588693618774,1.0
7.387783050537109,4.0
8.208184242248535,1.0
7.236341953277588,28.0
4.437793254852295,2.0
6.066853046417236,1.0
8.389771461486816,32.0
2.6672110557556152,2.0
-1.075324296951294,1.0
-0.06809770315885544,2.0
6.165204048156738,2.0
1.3748798370361328,7.0
4.437793254852295,5.0
7.236341953277588,10.0
6.066853046417236,6.0
7.739189624786377,8.0
-0.00838641170412302,3.0
7.739189624786377,6.0
6.397552490234375,4.0
5.036238670349121,1.0
0.5834634304046631,2.0
8.389771461486816,31.000000000000004
1.2709367275238037,1.0
7.6023125648498535,5.0
7.739189624786377,11.0
3.2010464668273926,1.0
7.190492153167725,23.0
4.437793254852295,7.0
5.395585536956787,1.0
3.6696529388427734,1.0
5.552704811096191,4.0
4.8216142654418945,2.0
0.4722297787666321,1.0
3.571458339691162,1.0
8.389771461486816,7.0
7.052772521972656,20.0
5.395585536956787,1.0
2.0085692405700684,1.0
7.703704833984375,2.0
6.066853046417236,7.0
7.510956287384033,1.0
1.9524585008621216,3.0
-3.8314409255981445,1.0
8.888265609741211,6.0
-2.4864137172698975,3.0
8.888265609741211,3.0
6.304720401763916,5.0
1.3748798370361328,2.0
7.144611358642578,1.0
3.855808973312378,1.0
4.437793254852295,3.0
4.485950946807861,1.0
8.888265609741211,5.0
-2.3160367012023926,1.0
4.437793254852295,2.0
4.183534145355225,4.0
7.78477668762207,1.0
4.879337787628174,2.0
2.4656994342803955,6.0
7.236341953277588,13.0
6.767557144165039,2.0
2.415161609649658,3.0
5.4716901779174805,1.0
2.415161609649658,4.0
0.4722297787666321,1.0
8.842988967895508,10.0
7.236341953277588,13.0
2.5665791034698486,1.0
2.6015000343322754,2.0
7.739189624786377,1.0
-5.20681095123291,1.0
8.389771461486816,1.0
3.2506067752838135,4.0
6.545607566833496,4.0
8.888265609741211,5.0
7.327976226806641,1.0
5.6363444328308105,5.0
7.739189624786377,5.0
7.236341953277588,10.0
8.389771461486816,77.0
6.577692985534668,9.0
2.6672110557556152,2.0
6.066853046417236,8.0
2.415161609649658,2.0
4.0750732421875,1.0
7.739189624786377,3.0
6.623930931091309,1.0
2.6672110557556152,2.0
3.2010464668273926,1.0
6.066853046417236,4.0
4.7021260261535645,1.0
8.888265609741211,9.0
-0.33796024322509766,1.0
5.462460041046143,3.0
8.888265609741211,6.0
-0.06809770315885544,1.0
2.7174322605133057,2.0
7.236341953277588,3.0
3.9163100719451904,2.0
0.03935646265745163,2.0
1.5977774858474731,2.0
7.236341953277588,9.0
6.577692985534668,7.0
2.2631726264953613,1.0
1.9260811805725098,3.0
11.432456016540527,4.0
8.389771461486816,14.0
