predicted,real
7.246734619140625,1.0
4.735734462738037,1.0
8.024394989013672,2.0
5.114229679107666,1.0
3.2727622985839844,1.0
4.326340198516846,1.0
8.736145973205566,1.0
5.01289176940918,2.0
5.135587215423584,4.0
3.187432050704956,1.0
6.920833587646484,7.0
4.842267990112305,3.0
8.498933792114258,7.0
3.2294294834136963,1.0
0.03941347077488899,1.0
4.687521457672119,11.0
5.01289176940918,1.0
5.114229679107666,5.0
5.523221969604492,12.0
6.920833587646484,6.0
5.804482936859131,1.0
3.753302812576294,2.0
7.009715557098389,2.0
4.107658386230469,4.0
7.074345588684082,5.0
1.4801644086837769,1.0
7.074345588684082,4.0
5.01289176940918,1.0
8.714583396911621,10.0
3.7348601818084717,1.0
6.942370414733887,11.0
2.2868359088897705,2.0
4.009703159332275,1.0
5.114229679107666,7.0
3.8814151287078857,1.0
4.8795084953308105,5.0
5.544632911682129,9.0
6.813166618347168,26.0
6.6840105056762695,3.0
2.2232627868652344,1.0
6.920833587646484,1.0
5.374759197235107,1.0
2.789454936981201,2.0
4.8795084953308105,1.0
6.813166618347168,7.0
8.304813385009766,7.0
6.6840105056762695,3.0
8.498933792114258,17.0
3.0280206203460693,4.0
6.920833587646484,3.0
3.674208164215088,2.0
4.808166980743408,3.0
5.954641342163086,3.0
7.28984260559082,2.0
8.736145973205566,5.0
1.8133641481399536,1.0
5.7830400466918945,5.0
4.053379535675049,1.0
5.114229679107666,8.0
8.498933792114258,9.0
6.942370414733887,5.0
7.246734619140625,1.0
5.01289176940918,1.0
6.920833587646484,4.0
0.6870014667510986,1.0
5.804482936859131,1.0
4.970215797424316,2.0
3.187432050704956,1.0
0.6730026006698608,1.0
4.15798807144165,2.0
7.959683418273926,2.0
6.428586006164551,2.0
3.2294294834136963,2.0
7.009715557098389,7.0
4.906228542327881,2.0
2.771204710006714,1.0
6.920833587646484,14.0
7.938114166259766,7.0
4.8795084953308105,8.0
5.2299275398254395,1.0
3.9885354042053223,1.0
7.074345588684082,3.0
5.114229679107666,4.0
7.420536041259766,14.999999999999998
7.246734619140625,2.0
8.736145973205566,4.0
4.906228542327881,4.0
1.2559897899627686,1.0
5.2414140701293945,1.0
5.805827617645264,2.0
6.920833587646484,5.0
3.9885354042053223,1.0
4.425919532775879,9.0
6.813166618347168,2.0
5.114229679107666,1.0
8.62833023071289,7.0
3.124473810195923,1.0
4.495288372039795,1.0
5.3520283699035645,1.0
6.942370414733887,2.0
4.8795084953308105,1.0
4.8795084953308105,2.0
2.9568018913269043,1.0
6.686734676361084,1.0
8.736145973205566,3.0
3.753302812576294,2.0
5.114229679107666,3.0
5.114229679107666,1.0
3.1454553604125977,8.0
1.4391143321990967,1.0
3.2294294834136963,1.0
5.483115196228027,3.0
4.906228542327881,3.0
6.597937107086182,20.0
3.674208164215088,1.0
6.6840105056762695,12.0
5.2023797035217285,4.0
8.757707595825195,2.0
6.6840105056762695,82.0
4.735734462738037,3.0
6.89929723739624,2.0
5.544632911682129,8.0
3.2294294834136963,1.0
6.6840105056762695,7.0
6.89929723739624,1.0
6.53611946105957,4.0
8.736145973205566,12.0
3.9713778495788574,1.0
4.1156005859375,1.0
8.736145973205566,10.0
1.3980892896652222,1.0
6.063310146331787,2.0
6.946447372436523,1.0
3.2294294834136963,1.0
0.18514497578144073,1.0
2.5377354621887207,1.0
6.5791449546813965,1.0
4.839571475982666,1.0
6.49014139175415,43.0
2.729426860809326,2.0
8.736145973205566,4.0
2.0613739490509033,1.0
6.382862567901611,3.0
5.804482936859131,2.0
4.970215797424316,1.0
3.9885354042053223,1.0
5.007490158081055,4.0
8.62833023071289,3.0
3.9885354042053223,1.0
6.658756256103516,1.0
8.498933792114258,1.0
3.2294294834136963,1.0
5.01289176940918,1.0
7.074345588684082,5.0
8.520500183105469,1.0
2.5534210205078125,1.0
5.114229679107666,5.0
1.2137999534606934,1.0
1.3366010189056396,1.0
6.920833587646484,2.0
6.597937107086182,5.0
6.966635227203369,1.0
3.3739073276519775,1.0
6.6840105056762695,8.0
8.736145973205566,13.0
6.6840105056762695,7.0
1.4391143321990967,1.0
5.135587215423584,2.0
3.187432050704956,3.0
4.906228542327881,1.0
6.89929723739624,9.0
8.283243179321289,3.0
3.124473810195923,1.0
4.8795084953308105,7.0
5.135587215423584,1.0
5.544632911682129,4.0
4.906228542327881,3.0
5.7830400466918945,2.0
3.775747537612915,2.0
8.498933792114258,7.0
4.8795084953308105,2.0
6.920833587646484,6.0
6.6840105056762695,7.0
5.2414140701293945,5.0
5.135587215423584,1.0
4.8795084953308105,4.0
3.753302812576294,1.0
1.9153039455413818,1.0
6.920833587646484,4.0
7.332953453063965,4.0
8.736145973205566,12.0
5.740164279937744,3.0
4.626596450805664,1.0
7.9812541007995605,4.0
6.6840105056762695,4.0
6.813166618347168,3.0
4.906228542327881,1.0
4.5229291915893555,2.0
5.01289176940918,5.0
5.114229679107666,1.0
8.736145973205566,4.0
8.261672973632812,4.0
1.1333452463150024,1.0
8.196961402893066,4.0
5.007490158081055,2.0
5.7830400466918945,2.0
0.9972096681594849,2.0
4.735734462738037,1.0
5.567391872406006,1.0
3.0419137477874756,2.0
3.9885354042053223,1.0
2.7414023876190186,1.0
2.652393102645874,1.0
3.0589051246643066,1.0
5.804482936859131,1.0
8.736145973205566,3.0
3.250434398651123,2.0
1.3366010189056396,1.0
5.114229679107666,1.0
5.114229679107666,2.0
8.736145973205566,5.0
3.674208164215088,1.0
5.114229679107666,2.0
6.813166618347168,2.0
5.26649808883667,1.0
6.794363021850586,2.0
5.7830400466918945,1.0
4.735734462738037,1.0
5.007490158081055,1.0
4.714437484741211,3.0
5.034234523773193,2.0
4.970215797424316,1.0
6.296881198883057,2.0
7.269640922546387,5.0
7.225183486938477,5.0
4.8795084953308105,2.0
5.7830400466918945,3.0
8.196961402893066,3.0
6.942370414733887,2.0
4.799644947052002,1.0
6.6409711837768555,1.0
5.01289176940918,1.0
8.736145973205566,5.0
6.942370414733887,5.0
7.225183486938477,1.0
3.2294294834136963,1.0
5.01289176940918,1.0
4.425919532775879,19.0
8.736145973205566,5.0
3.753302812576294,3.0
5.114229679107666,1.0
6.920833587646484,6.0
8.62833023071289,26.0
7.009715557098389,3.0
6.662490367889404,2.0
5.437602519989014,1.0
6.813166618347168,3.0
6.920833587646484,2.0
5.01289176940918,1.0
6.920833587646484,9.0
5.01289176940918,2.0
7.074345588684082,7.0
7.052801132202148,3.0
6.966635227203369,10.0
4.4962873458862305,1.0
4.8795084953308105,4.0
6.471592903137207,3.0
6.920833587646484,5.0
7.074345588684082,1.0
5.01289176940918,1.0
3.4791464805603027,1.0
6.425863265991211,8.0
5.114229679107666,3.0
8.218531608581543,2.0
5.804482936859131,4.0
6.425863265991211,25.0
8.434229850769043,3.0
8.736145973205566,14.999999999999998
5.544632911682129,1.0
8.498933792114258,31.000000000000004
7.28984260559082,2.0
5.1596503257751465,2.0
3.3108198642730713,2.0
1.8897432088851929,2.0
5.7830400466918945,3.0
8.498933792114258,16.0
1.2559897899627686,1.0
