predicted,real
14.640142440795898,1.0
14.345094680786133,1.0
5.496107578277588,14.999999999999998
-2.353523015975952,6.0
-12.630746841430664,1.0
14.099773406982422,1.0
14.099773406982422,4.0
4.3495941162109375,1.0
-3.350857734680176,1.0
4.076230525970459,2.0
-11.595324516296387,3.0
5.0358500480651855,1.0
7.830201148986816,3.0
17.358591079711914,1.0
11.610447883605957,1.0
5.773482322692871,3.0
-0.7434452772140503,2.0
4.531933307647705,3.0
10.691869735717773,3.0
14.345094680786133,1.0
6.750750541687012,8.0
2.990901470184326,1.0
-12.659809112548828,19.0
9.87517261505127,1.0
3.1705410480499268,2.0
8.161077499389648,76.0
-2.353523015975952,1.0
9.87517261505127,1.0
14.001789093017578,2.0
9.8282470703125,1.0
14.099773406982422,7.0
17.557199478149414,1.0
-2.353523015975952,5.0
8.87315845489502,1.0
5.496107578277588,7.0
5.496107578277588,5.0
-13.070484161376953,4.0
8.729920387268066,1.0
2.5700950622558594,1.0
17.358591079711914,2.0
7.924391746520996,4.0
8.161077499389648,16.0
4.120795726776123,26.0
-1.3409067392349243,2.0
19.643712997436523,1.0
0.5983712673187256,1.0
4.120795726776123,1.0
9.30131721496582,4.0
2.4969701766967773,1.0
14.099773406982422,2.0
16.71399688720703,2.0
8.682147979736328,1.0
-1.3409067392349243,2.0
11.319887161254883,11.0
17.358591079711914,5.0
-4.575597286224365,1.0
-12.732318878173828,2.0
-1.3409067392349243,2.0
-12.322585105895996,1.0
-0.9143902659416199,1.0
-5.537501811981201,7.0
-1.3409067392349243,1.0
20.439329147338867,1.0
7.031425952911377,3.0
-13.070484161376953,1.0
-2.6043028831481934,1.0
1.4312615394592285,9.0
6.7970404624938965,1.0
17.656251907348633,1.0
20.240299224853516,1.0
7.031425952911377,1.0
10.644139289855957,3.0
17.358591079711914,3.0
0.2496451884508133,5.0
2.4969701766967773,7.0
16.71399688720703,2.0
14.345094680786133,1.0
9.87517261505127,3.0
13.853970527648926,1.0
4.715137958526611,1.0
0.2938383221626282,1.0
-1.3409067392349243,1.0
3.4859540462493896,3.0
-1.3409067392349243,2.0
5.496107578277588,2.0
-2.6043028831481934,2.0
14.099773406982422,4.0
13.853970527648926,1.0
2.007561445236206,2.0
4.120795726776123,12.0
15.873238563537598,3.0
9.8282470703125,1.0
5.496107578277588,4.0
9.8282470703125,1.0
6.657525539398193,2.0
14.099773406982422,2.0
-2.6043028831481934,1.0
-1.426186442375183,1.0
4.196465969085693,1.0
14.099773406982422,2.0
-4.575597286224365,1.0
11.319887161254883,6.0
5.496107578277588,14.0
1.9623898267745972,4.0
-2.6043028831481934,3.0
-9.917535781860352,2.0
-2.353523015975952,1.0
-27.129968643188477,2.0
18.45088005065918,1.0
6.7970404624938965,2.0
17.656251907348633,1.0
8.397509574890137,1.0
-10.172205924987793,2.0
17.656251907348633,3.0
17.358591079711914,1.0
3.2151660919189453,10.0
8.682147979736328,1.0
4.258040904998779,1.0
7.831443786621094,1.0
17.656251907348633,1.0
-1.3409067392349243,1.0
-1.1709935665130615,5.0
1.4312615394592285,8.0
7.831443786621094,1.0
11.319887161254883,1.0
-9.368640899658203,2.0
1.9623898267745972,8.0
7.87764310836792,2.0
9.492513656616211,4.0
1.4312615394592285,33.0
2.4969701766967773,6.0
-8.549692153930664,1.0
11.319887161254883,2.0
4.668572902679443,5.0
10.307748794555664,2.0
9.87517261505127,3.0
0.29269811511039734,1.0
-4.251563549041748,2.0
17.358591079711914,1.0
5.403989791870117,2.0
11.319887161254883,2.0
-1.3409067392349243,1.0
8.397509574890137,2.0
14.099773406982422,4.0
11.610447883605957,2.0
7.924391746520996,2.0
14.345094680786133,1.0
4.258040904998779,2.0
2.4969701766967773,1.0
-4.575597286224365,8.0
14.345094680786133,3.0
1.6963945627212524,3.0
2.4969701766967773,3.0
-14.000534057617188,3.0
5.496107578277588,5.0
5.496107578277588,2.0
-15.349244117736816,1.0
-2.3949968814849854,1.0
4.120795726776123,13.0
10.644139289855957,1.0
-1.9337531328201294,9.0
-0.5875873565673828,1.0
1.4317580461502075,1.0
10.114707946777344,1.0
8.161077499389648,7.0
5.496107578277588,14.999999999999998
-3.6801679134368896,1.0
1.4317580461502075,1.0
11.319887161254883,18.0
-17.52678871154785,4.0
11.319887161254883,6.0
-2.6043028831481934,4.0
8.682147979736328,2.0
4.076230525970459,1.0
5.403989791870117,2.0
8.445172309875488,4.0
-8.243724822998047,1.0
5.496107578277588,2.0
10.596426010131836,1.0
-14.682258605957031,19.0
4.120795726776123,5.0
4.57722806930542,2.0
5.496107578277588,2.0
3.0349338054656982,4.0
4.076230525970459,1.0
11.319887161254883,1.0
8.161077499389648,1.0
5.496107578277588,3.0
-4.251563549041748,2.0
11.513716697692871,1.0
8.397509574890137,5.0
0.7728418707847595,2.0
11.610447883605957,1.0
14.099773406982422,19.0
7.641519546508789,9.0
11.319887161254883,14.0
0.9481996893882751,2.0
14.099773406982422,2.0
-16.74974822998047,1.0
15.873238563537598,2.0
8.682147979736328,3.0
11.319887161254883,7.0
18.45088005065918,4.0
23.465862274169922,1.0
8.161077499389648,9.0
2.990901470184326,1.0
5.496107578277588,12.0
7.73679780960083,2.0
11.319887161254883,3.0
2.4969701766967773,2.0
4.57722806930542,3.0
7.031951904296875,2.0
-1.3409067392349243,9.0
11.319887161254883,2.0
2.4969701766967773,71.0
-2.6043028831481934,2.0
0.36335206031799316,36.0
1.6963945627212524,1.0
20.240299224853516,2.0
14.14841079711914,1.0
8.161077499389648,14.999999999999998
8.161077499389648,13.0
5.773482322692871,10.0
4.852038383483887,3.0
-10.977917671203613,14.999999999999998
11.319887161254883,6.0
8.161077499389648,33.0
17.656251907348633,2.0
9.87517261505127,7.0
8.397509574890137,7.0
4.4859724044799805,3.0
11.319887161254883,2.0
1.0792739391326904,2.0
8.161077499389648,8.0
-1.3409067392349243,1.0
2.7655298709869385,3.0
5.496107578277588,3.0
14.099773406982422,8.0
5.219491481781006,19.0
0.5377753376960754,1.0
7.031425952911377,3.0
6.939195156097412,2.0
4.57722806930542,3.0
17.358591079711914,7.0
11.319887161254883,1.0
8.397509574890137,3.0
14.099773406982422,1.0
23.465862274169922,1.0
14.099773406982422,8.0
-0.9143902659416199,3.0
11.319887161254883,4.0
11.610447883605957,11.0
11.319887161254883,7.0
-9.073042869567871,12.0
9.87517261505127,10.0
2.007561445236206,1.0
-4.414028644561768,1.0
3.2151660919189453,1.0
-26.879716873168945,2.0
10.289873123168945,1.0
-1.3409067392349243,5.0
20.737564086914062,1.0
-1.3409067392349243,1.0
11.319887161254883,2.0
10.691869735717773,2.0
-2.353523015975952,7.0
5.496107578277588,11.0
8.397509574890137,2.0
7.924391746520996,1.0
-20.30916404724121,1.0
5.496107578277588,4.0
9.8282470703125,2.0
-0.14096087217330933,8.0
15.873238563537598,1.0
3.5762293338775635,5.0
13.756093978881836,1.0
0.1199752688407898,3.0
9.87517261505127,2.0
4.120795726776123,9.0
10.114707946777344,2.0
4.076230525970459,2.0
3.1085195541381836,1.0
5.219491481781006,2.0
20.240299224853516,4.0
8.161077499389648,14.0
20.439329147338867,1.0
-15.112504005432129,11.0
